1 1
0.999766 1
0.999532 1
0.999298 1
0.99883 1
0.998596 1
0.998363 1
0.998129 1
0.997895 1
0.997661 1
0.997427 1
0.997193 1
0.996491 1
0.996023 1
0.995789 0.999925
0.995088 0.999925
0.99462 0.999925
0.994152 0.999925
0.993918 0.999925
0.992982 0.999925
0.990877 0.999925
0.990409 0.999925
0.989474 0.999925
0.989006 0.999925
0.987135 0.999925
0.985731 0.999925
0.984795 0.999925
0.983158 0.999925
0.980819 0.999925
0.980117 0.999925
0.978246 0.999925
0.977544 0.999925
0.975205 0.999925
0.974503 0.999925
0.971462 0.999925
0.969123 0.999925
0.966316 0.999925
0.962573 0.999925
0.958129 0.999925
0.956257 0.999925
0.951111 0.999925
0.947836 0.999925
0.942456 0.999925
0.938246 0.999925
0.930994 0.999925
0.925146 0.999849
0.913684 0.999849
0.907836 0.999774
0.891462 0.999774
0.884211 0.999774
0.862222 0.999774
0.851462 0.999699
0.826667 0.999699
0.813099 0.999623
0.768889 0.999548
0.744327 0.999548
0.68655 0.999473
0.647018 0.999397
0.547602 0.999322
0.442807 0.999247
0.206316 0.99887
0.206082 0.99887
0.205848 0.99887
0.20538 0.99887
0.204912 0.998794
0.204678 0.998794
0.204444 0.998794
0.203743 0.998794
0.201871 0.998794
0.20117 0.998794
0.200468 0.998794
0.199298 0.998794
0.198363 0.998719
0.196023 0.998644
0.194854 0.998568
0.190409 0.998568
0.188772 0.998568
0.185029 0.998568
0.180117 0.998568
0.170058 0.998041
0.160702 0.99789
0.135205 0.997514
0.134971 0.997514
0.134737 0.997514
0.134269 0.997514
0.134035 0.997514
0.133801 0.997514
0.133567 0.997514
0.133099 0.997514
0.132865 0.997514
0.132632 0.997514
0.132164 0.997514
0.130994 0.997514
0.129825 0.997514
0.128187 0.997514
0.126316 0.997438
0.125614 0.997212
0.121637 0.997137
0.116257 0.997137
0.105965 0.996835
0.105731 0.996835
0.105497 0.996835
0.105263 0.996835
0.104327 0.996835
0.104327 0.99676
0.10386 0.99676
0.10386 0.996685
0.103158 0.996685
0.102924 0.996534
0.101287 0.996459
0.100117 0.996233
0.094503 0.995781
0.094269 0.995781
0.094269 0.995705
0.094035 0.995705
0.093801 0.995705
0.093333 0.995705
0.092632 0.995705
0.091462 0.995705
0.09076 0.995479
0.089825 0.995253
0.089591 0.995253
0.089591 0.995178
0.088187 0.994876
0.085146 0.99465
0.084912 0.99465
0.084912 0.994575
0.084678 0.9945
0.084678 0.994424
0.083509 0.994349
0.081871 0.994198
0.081871 0.994123
0.08 0.993822
0.075789 0.992993
0.075789 0.992917
0.075556 0.992917
0.075322 0.992917
0.075088 0.992917
0.07462 0.992917
0.074386 0.992842
0.073918 0.992842
0.073918 0.992767
0.073684 0.992767
0.071345 0.992541
0.067836 0.992089
0.067836 0.992013
0.067602 0.991938
0.067368 0.991938
0.067368 0.991863
0.066667 0.991712
0.066667 0.991637
0.066433 0.991637
0.066433 0.991561
0.065731 0.991561
0.065263 0.991486
0.065263 0.99141
0.06386 0.99126
0.06152 0.990657
0.061287 0.990657
0.061053 0.990582
0.060585 0.990506
0.060585 0.990356
0.060117 0.990356
0.058012 0.989979
0.058012 0.989904
0.058012 0.989828
0.057778 0.989753
0.05731 0.989678
0.05731 0.989602
0.056842 0.989527
0.055673 0.989225
0.053333 0.988999
0.053099 0.988999
0.052398 0.988924
0.052164 0.988924
0.052164 0.988773
0.050058 0.987719
0.050058 0.987643
0.050058 0.987568
0.049357 0.987492
0.049123 0.987492
0.049123 0.987191
0.048655 0.987116
0.048421 0.987116
0.048421 0.986965
0.047018 0.986513
0.04655 0.986061
0.046316 0.986061
0.045146 0.986061
0.044912 0.98591
0.044912 0.985835
0.043275 0.984855
0.042339 0.984629
0.042339 0.984554
0.042339 0.984479
0.042339 0.984253
0.042339 0.984177
0.042339 0.984102
0.042339 0.983876
0.042105 0.983876
0.040234 0.983122
0.04 0.982972
0.039766 0.982972
0.039532 0.982896
0.039532 0.982821
0.039532 0.982746
0.038596 0.982595
0.038596 0.98252
0.038596 0.982369
0.038596 0.982294
0.036959 0.98154
0.036491 0.980711
0.036257 0.980259
0.035789 0.980184
0.035789 0.980108
0.035556 0.979882
0.035556 0.979807
0.035322 0.979807
0.035088 0.979807
0.03462 0.977471
0.03462 0.976417
0.03462 0.976341
0.03462 0.976115
0.03462 0.975889
0.034386 0.975738
0.034386 0.975512
0.033684 0.975512
0.033684 0.975437
0.033684 0.975211
0.033216 0.973327
0.032281 0.972122
0.032281 0.972046
0.032281 0.971971
0.031579 0.971142
0.031579 0.970841
0.031579 0.970766
0.030877 0.970539
0.030643 0.970539
0.030643 0.970464
0.030643 0.970313
0.030643 0.970238
0.030175 0.970087
0.030175 0.970012
0.030175 0.969937
0.029006 0.967074
0.02807 0.965115
0.027368 0.964286
0.026901 0.963156
0.026667 0.963156
0.026667 0.96308
0.026433 0.962327
0.025731 0.962101
0.025731 0.962025
0.025731 0.96195
0.025497 0.961347
0.025497 0.96097
0.025497 0.960744
0.025263 0.960744
0.025263 0.960669
0.025263 0.960594
0.025263 0.960518
0.025263 0.960368
0.025029 0.960368
0.025029 0.960292
0.025029 0.960217
0.023392 0.952306
0.022924 0.949292
0.022924 0.949216
0.02269 0.946203
0.021754 0.944997
0.021754 0.944922
0.020351 0.943415
0.020117 0.942737
0.020117 0.942661
0.020117 0.941983
0.019883 0.941682
0.019883 0.941079
0.019883 0.940928
0.019883 0.940853
0.019415 0.940552
0.019181 0.940401
0.019181 0.940325
0.019181 0.940024
0.019181 0.939873
0.018947 0.939647
0.018713 0.939497
0.018713 0.939421
0.01848 0.939346
0.01848 0.939271
0.01848 0.939195
0.01848 0.939045
0.01848 0.938969
0.01848 0.938894
0.018246 0.938894
0.018012 0.938894
0.018012 0.938819
0.017778 0.938819
0.017778 0.938743
0.017778 0.938668
0.014971 0.914858
0.013567 0.904611
0.013567 0.904536
0.012632 0.895344
0.012632 0.890898
0.012164 0.886453
0.01193 0.883891
0.01193 0.883816
0.010994 0.880877
0.010526 0.87937
0.010292 0.876884
0.010292 0.87598
0.010292 0.874849
0.010292 0.87402
0.010292 0.872815
0.010292 0.872589
0.010292 0.871911
0.010292 0.871459
0.010058 0.870705
0.010058 0.870404
0.010058 0.870102
0.010058 0.869876
0.010058 0.869349
0.009825 0.869123
0.009825 0.868746
0.009825 0.86852
0.009591 0.868219
0.009591 0.867917
0.009591 0.867616
0.009591 0.867465
0.009591 0.86739
0.009357 0.86739
0.009123 0.86739
0.009123 0.867315
0.009123 0.867164
0.009123 0.867089
0.008889 0.867013
0.008889 0.866938
0.008889 0.866787
0.008889 0.866561
0.008889 0.86641
0.008655 0.86641
0.008655 0.866335
0.008655 0.86626
0.006784 0.573237
0.004678 0.447333
0.003977 0.327456
0.003743 0.278632
0.002807 0.219711
0.002105 0.195148
0.002105 0.158153
0.001404 0.144213
0.001404 0.119424
0.001404 0.107369
0.00117 0.091169
0.00117 0.084916
0.000702 0.072483
0.000702 0.066456
0.000702 0.057339
0.000702 0.053948
0.000468 0.047393
0.000468 0.043852
0.000468 0.039331
0.000468 0.036468
0.000234 0.032098
0.000234 0.030967
0.000234 0.026974
0.000234 0.02494
0.000234 0.022152
0.000234 0.02057
0 0.018837
0 0.017932
0 0.016576
0 0.015747
0 0.01409
0 0.013788
0 0.011603
0 0.011001
0 0.009946
0 0.009644
0 0.00874
0 0.008363
0 0.007233
0 0.006932
0 0.006404
0 0.006103
0 0.005425
0 0.004973
0 0.004596
0 0.004445
0 0.003993
0 0.003843
0 0.003391
0 0.00324
0 0.003089
0 0.003014
0 0.002788
0 0.002562
0 0.002336
0 0.00226
0 0.001959
0 0.001733
0 0.001658
0 0.001432
0 0.001356
0 0.001281
0 0.00113
0 0.001055
0 0.000829
0 0.000678
0 0.000603
0 0.000527
0 0.000452
0 0.000377
0 0.000301
0 0.000226
0 0.000151
0 0.000075
0 0
