1 1
0.995088 1
0.989006 1
0.978947 1
0.978713 1
0.976608 1
0.976374 1
0.969357 1
0.967953 1
0.967485 1
0.966082 1
0.965614 1
0.96538 1
0.965146 1
0.964678 1
0.963509 1
0.963275 1
0.962339 1
0.960234 1
0.959766 1
0.957427 1
0.955556 1
0.955322 1
0.955088 1
0.954854 1
0.95462 1
0.954386 1
0.952749 1
0.952515 1
0.952281 1
0.951813 1
0.951579 1
0.951345 1
0.951111 1
0.950643 1
0.950409 1
0.950175 1
0.949942 1
0.949708 1
0.949474 1
0.94924 1
0.948772 1
0.948538 1
0.948304 1
0.938246 1
0.931462 1
0.930292 1
0.930058 1
0.929825 1
0.927485 1
0.926784 1
0.92538 1
0.924211 1
0.923275 1
0.923041 1
0.922339 1
0.922105 1
0.921871 1
0.920234 1
0.919766 1
0.919532 1
0.917661 1
0.916959 1
0.916725 1
0.916023 1
0.915322 1
0.915088 1
0.91462 1
0.908538 1
0.90807 1
0.907602 1
0.907368 1
0.906901 1
0.906667 1
0.906433 1
0.905731 1
0.90386 1
0.901988 1
0.901053 1
0.900351 1
0.899883 1
0.898713 1
0.89848 1
0.897778 1
0.89731 1
0.897076 1
0.888889 1
0.888421 1
0.88655 1
0.88538 1
0.885146 1
0.883275 1
0.882807 1
0.882573 1
0.881404 1
0.880468 1
0.88 1
0.879766 1
0.879532 1
0.871579 1
0.864795 1
0.86386 1
0.863626 1
0.861754 1
0.861053 1
0.860819 1
0.859883 1
0.859649 1
0.859415 1
0.859181 1
0.858012 1
0.856608 1
0.856374 1
0.85614 1
0.855906 1
0.854269 1
0.854035 1
0.853801 1
0.853567 1
0.853333 1
0.852164 1
0.85193 1
0.851696 1
0.851462 1
0.850292 1
0.841637 1
0.840702 1
0.840468 1
0.830643 1
0.829942 1
0.829708 1
0.825263 1
0.824795 1
0.821053 1
0.810994 1
0.80538 1
0.804211 1
0.802573 1
0.802105 1
0.797661 1
0.797193 1
0.792982 1
0.791579 1
0.791111 1
0.790175 1
0.789942 1
0.78924 1
0.788772 1
0.788304 1
0.787836 1
0.787602 1
0.787368 1
0.787135 1
0.786901 1
0.786667 1
0.786433 1
0.785263 1
0.785029 1
0.784327 1
0.782456 1
0.782222 1
0.781053 1
0.780585 1
0.780351 1
0.780117 1
0.777544 1
0.77731 1
0.776842 1
0.776608 1
0.776374 1
0.775439 1
0.770526 1
0.769123 1
0.768187 1
0.767953 1
0.767719 1
0.767018 1
0.764444 1
0.763509 1
0.762807 1
0.762339 1
0.761871 1
0.761637 1
0.761404 1
0.76117 1
0.760936 1
0.760702 1
0.758129 1
0.757895 1
0.756959 1
0.756725 1
0.756257 1
0.755088 1
0.754854 1
0.75462 1
0.754152 1
0.753918 1
0.752749 1
0.752515 1
0.752047 1
0.751345 1
0.751111 1
0.74924 1
0.749006 1
0.746433 1
0.745029 1
0.743626 1
0.740819 1
0.740585 1
0.740117 1
0.737778 1
0.737544 1
0.73731 1
0.737076 1
0.736608 1
0.736374 1
0.73614 1
0.735906 1
0.735673 1
0.735205 1
0.734971 1
0.734737 1
0.734503 1
0.734269 1
0.734035 1
0.733567 1
0.733333 1
0.733099 1
0.732865 1
0.732632 1
0.732398 1
0.731696 1
0.729357 1
0.728889 1
0.728655 1
0.727953 1
0.727018 1
0.722807 1
0.722573 1
0.720702 1
0.720468 1
0.720234 1
0.72 1
0.719766 1
0.719532 1
0.718129 1
0.716491 1
0.714854 1
0.714386 1
0.714152 1
0.713684 1
0.71345 1
0.712749 1
0.711111 1
0.710877 1
0.710643 1
0.710175 1
0.709942 1
0.709474 1
0.70924 1
0.709006 1
0.708772 1
0.708538 1
0.708304 1
0.70807 1
0.707836 1
0.705497 1
0.704795 1
0.703626 1
0.703392 1
0.702222 1
0.701988 1
0.701754 1
0.70152 1
0.701053 1
0.697076 1
0.696608 1
0.695906 1
0.694737 1
0.693801 1
0.692865 1
0.692632 1
0.692398 1
0.69193 1
0.691696 1
0.691228 1
0.690292 1
0.690058 1
0.688187 1
0.687953 1
0.686316 1
0.686082 1
0.68538 1
0.684444 1
0.681404 1
0.68117 1
0.673216 1
0.672982 1
0.672749 1
0.672515 1
0.669474 1
0.668772 1
0.667368 1
0.666667 1
0.666433 1
0.665497 1
0.665263 1
0.665029 1
0.661988 1
0.66152 1
0.660351 1
0.652865 1
0.652398 1
0.651462 1
0.65076 1
0.650526 1
0.650292 1
0.647251 1
0.647018 1
0.646316 1
0.646082 1
0.64 1
0.639532 1
0.63883 1
0.637427 1
0.637193 1
0.636959 1
0.636725 1
0.636491 1
0.636257 1
0.636023 1
0.635789 1
0.635556 1
0.635322 1
0.634854 1
0.632982 1
0.632749 1
0.630409 1
0.629942 1
0.629708 1
0.629474 1
0.626199 1
0.625731 1
0.625497 1
0.625263 1
0.623626 1
0.623392 1
0.623158 1
0.622924 1
0.62152 1
0.620585 1
0.618713 1
0.61848 1
0.618246 1
0.616842 1
0.616374 1
0.61614 1
0.615906 1
0.615673 1
0.614269 1
0.613567 1
0.612632 1
0.612398 1
0.608421 1
0.607018 1
0.606784 1
0.606082 1
0.605146 1
0.601871 1
0.601404 1
0.599532 1
0.599298 1
0.598129 1
0.596725 1
0.594152 1
0.593918 1
0.593684 1
0.59345 1
0.593216 1
0.592982 1
0.592749 1
0.592281 1
0.592047 1
0.591813 1
0.591579 1
0.590877 1
0.590643 1
0.590175 1
0.589474 1
0.589006 1
0.588772 1
0.588538 1
0.587836 1
0.587602 1
0.583392 1
0.58152 1
0.581053 1
0.580585 1
0.580117 1
0.579883 1
0.579649 1
0.579181 1
0.576608 1
0.576374 1
0.57614 1
0.575906 1
0.575673 1
0.575205 1
0.574269 1
0.574035 1
0.571228 1
0.570994 1
0.57076 1
0.569591 1
0.568421 1
0.567953 1
0.56655 1
0.56538 1
0.564211 1
0.563977 1
0.563743 1
0.561404 1
0.56117 1
0.560702 1
0.560468 1
0.560234 1
0.56 1
0.559766 1
0.559532 1
0.559064 1
0.558129 1
0.557661 1
0.556725 1
0.556491 1
0.555789 1
0.555556 1
0.554152 1
0.55345 1
0.553216 1
0.552982 1
0.552749 1
0.552515 1
0.549708 1
0.549474 1
0.548538 1
0.547368 1
0.547135 1
0.546199 1
0.545731 1
0.545263 1
0.545029 1
0.542456 1
0.539415 1
0.538947 1
0.53614 1
0.535906 1
0.535439 1
0.535205 1
0.534269 1
0.534035 1
0.534035 0.999925
0.533801 0.999925
0.533567 0.999925
0.531696 0.999925
0.531462 0.999925
0.531228 0.999925
0.53076 0.999925
0.530526 0.999925
0.529591 0.999925
0.529357 0.999925
0.528889 0.999925
0.528421 0.999925
0.528187 0.999925
0.527953 0.999925
0.526082 0.999925
0.523743 0.999925
0.522573 0.999925
0.520702 0.999925
0.520468 0.999925
0.519766 0.999925
0.519298 0.999925
0.519064 0.999925
0.516257 0.999925
0.515789 0.999925
0.514854 0.999925
0.514386 0.999925
0.514152 0.999925
0.513918 0.999925
0.513216 0.999925
0.512982 0.999925
0.512749 0.999925
0.512047 0.999925
0.511579 0.999925
0.510175 0.999925
0.509942 0.999925
0.509708 0.999925
0.50924 0.999925
0.509006 0.999925
0.506433 0.999925
0.505731 0.999925
0.505497 0.999925
0.505263 0.999925
0.505029 0.999925
0.504795 0.999925
0.500351 0.999925
0.499883 0.999925
0.499649 0.999925
0.497544 0.999925
0.49731 0.999925
0.497076 0.999925
0.496608 0.999925
0.495205 0.999925
0.494971 0.999925
0.494503 0.999925
0.494269 0.999925
0.492632 0.999925
0.492398 0.999925
0.49193 0.999925
0.490994 0.999925
0.490526 0.999925
0.489591 0.999925
0.489357 0.999925
0.488655 0.999925
0.487953 0.999925
0.486784 0.999925
0.48655 0.999925
0.486316 0.999925
0.484912 0.999925
0.484678 0.999925
0.482807 0.999925
0.482573 0.999925
0.482339 0.999925
0.481871 0.999925
0.481404 0.999925
0.480468 0.999925
0.480234 0.999925
0.48 0.999925
0.477193 0.999849
0.476959 0.999849
0.476725 0.999849
0.476491 0.999849
0.475556 0.999849
0.475322 0.999849
0.47462 0.999849
0.474386 0.999849
0.474152 0.999849
0.473918 0.999849
0.473684 0.999849
0.47345 0.999849
0.471813 0.999774
0.471579 0.999774
0.471111 0.999774
0.470175 0.999774
0.469474 0.999774
0.469006 0.999774
0.468772 0.999774
0.461053 0.999623
0.460819 0.999623
0.459415 0.999623
0.458947 0.999623
0.458713 0.999623
0.45848 0.999623
0.456608 0.999623
0.45614 0.999623
0.454035 0.999623
0.453801 0.999623
0.453333 0.999623
0.452865 0.999623
0.452632 0.999623
0.450292 0.999623
0.449123 0.999623
0.448889 0.999623
0.444912 0.999623
0.443041 0.999548
0.44117 0.999548
0.440936 0.999548
0.438596 0.999548
0.438363 0.999548
0.437427 0.999548
0.437193 0.999548
0.436023 0.999548
0.435556 0.999548
0.435322 0.999548
0.435088 0.999548
0.434854 0.999548
0.434386 0.999548
0.432982 0.999548
0.432749 0.999548
0.431111 0.999548
0.430877 0.999548
0.430409 0.999548
0.430175 0.999548
0.430175 0.999473
0.429708 0.999473
0.429474 0.999473
0.428772 0.999473
0.42807 0.999473
0.427602 0.999473
0.427135 0.999473
0.425029 0.999397
0.424795 0.999397
0.424094 0.999397
0.42386 0.999397
0.421988 0.999397
0.420351 0.999397
0.420117 0.999397
0.419883 0.999397
0.419181 0.999397
0.418947 0.999397
0.41848 0.999397
0.418012 0.999397
0.417778 0.999397
0.417544 0.999397
0.41731 0.999397
0.415906 0.999397
0.415439 0.999397
0.414971 0.999397
0.414737 0.999397
0.414503 0.999397
0.413801 0.999397
0.413567 0.999397
0.412865 0.999397
0.412632 0.999397
0.409357 0.999397
0.407018 0.999322
0.403041 0.999322
0.402339 0.999322
0.402105 0.999322
0.400936 0.999322
0.400468 0.999322
0.399298 0.999322
0.393684 0.999322
0.391111 0.999322
0.390877 0.999322
0.390643 0.999322
0.389942 0.999322
0.389474 0.999322
0.387135 0.999322
0.386901 0.999322
0.386667 0.999322
0.385731 0.999322
0.385497 0.999322
0.385263 0.999322
0.385029 0.999322
0.384795 0.999322
0.384561 0.999322
0.384327 0.999322
0.384094 0.999322
0.383626 0.999322
0.383392 0.999322
0.382924 0.999322
0.38269 0.999322
0.382456 0.999322
0.381053 0.999322
0.380819 0.999322
0.380117 0.999322
0.379415 0.999322
0.379181 0.999322
0.375673 0.999322
0.370058 0.999247
0.366316 0.999247
0.360702 0.999247
0.360468 0.999247
0.360234 0.999247
0.359766 0.999247
0.359298 0.999247
0.359064 0.999247
0.356257 0.999247
0.356023 0.999247
0.353918 0.999247
0.352749 0.999247
0.350877 0.999247
0.348772 0.999247
0.34807 0.999247
0.347836 0.999247
0.347602 0.999247
0.345263 0.999247
0.342924 0.999247
0.34269 0.999247
0.342456 0.999247
0.341053 0.999247
0.340819 0.999247
0.339883 0.999247
0.339415 0.999247
0.339181 0.999247
0.338947 0.999247
0.338713 0.999247
0.33848 0.999247
0.338246 0.999247
0.337076 0.999247
0.336374 0.999247
0.33193 0.999171
0.330994 0.999096
0.33076 0.999096
0.32655 0.999096
0.326316 0.999096
0.320234 0.99902
0.319532 0.99902
0.319064 0.99902
0.318596 0.99902
0.318363 0.99902
0.314854 0.998945
0.314386 0.998945
0.31345 0.99887
0.309006 0.99887
0.308772 0.99887
0.308538 0.99887
0.308304 0.99887
0.307836 0.99887
0.307602 0.99887
0.303626 0.99887
0.303392 0.99887
0.302924 0.99887
0.301053 0.99887
0.300585 0.99887
0.29848 0.99887
0.296842 0.99887
0.296608 0.99887
0.292164 0.998794
0.291696 0.998794
0.291462 0.998794
0.291228 0.998794
0.290994 0.998794
0.289825 0.998794
0.286082 0.998719
0.279532 0.998719
0.274386 0.998719
0.274152 0.998719
0.271579 0.998644
0.270877 0.998644
0.269942 0.998644
0.268538 0.998644
0.266199 0.998644
0.265965 0.998644
0.264795 0.998644
0.264561 0.998644
0.262222 0.998644
0.260585 0.998644
0.259415 0.998644
0.259181 0.998644
0.258713 0.998644
0.25848 0.998644
0.258246 0.998644
0.25614 0.998568
0.254503 0.998568
0.254035 0.998568
0.253333 0.998568
0.253099 0.998568
0.250292 0.998568
0.249591 0.998568
0.249591 0.998418
0.249123 0.998418
0.247485 0.998418
0.247251 0.998418
0.247018 0.998418
0.24655 0.998418
0.245614 0.998418
0.242807 0.998418
0.242339 0.998418
0.239298 0.998418
0.234386 0.998342
0.234152 0.998342
0.228304 0.998342
0.223626 0.998267
0.220819 0.998267
0.220351 0.998267
0.218012 0.998267
0.217778 0.998267
0.217544 0.998267
0.215205 0.998192
0.214503 0.998192
0.214269 0.998192
0.213567 0.998192
0.213333 0.998192
0.213099 0.998192
0.212398 0.998192
0.211228 0.998116
0.208889 0.998041
0.208187 0.998041
0.207953 0.998041
0.207719 0.998041
0.203275 0.998041
0.200936 0.998041
0.200702 0.997966
0.199298 0.997966
0.196959 0.997966
0.196725 0.997966
0.193684 0.997966
0.19345 0.997966
0.193216 0.997966
0.191111 0.997966
0.190175 0.997966
0.187602 0.997966
0.185731 0.997966
0.185263 0.997966
0.183392 0.997966
0.180351 0.99789
0.179649 0.99789
0.175439 0.99774
0.174035 0.99774
0.173801 0.99774
0.173333 0.99774
0.17193 0.99774
0.170526 0.997664
0.167018 0.997514
0.166784 0.997514
0.162339 0.997514
0.158363 0.997438
0.155556 0.997438
0.155556 0.997363
0.153684 0.997363
0.153216 0.997363
0.152982 0.997363
0.152515 0.997363
0.152047 0.997363
0.151579 0.997363
0.149942 0.997288
0.149474 0.997288
0.148538 0.997212
0.148304 0.997212
0.145731 0.996986
0.145497 0.996986
0.14269 0.996911
0.14152 0.996835
0.141053 0.996835
0.138947 0.996835
0.138713 0.99676
0.13848 0.99676
0.136608 0.99676
0.135906 0.99676
0.135439 0.99676
0.135205 0.996685
0.134971 0.996685
0.134737 0.996609
0.134503 0.996609
0.134269 0.996609
0.134035 0.996609
0.133801 0.996534
0.13193 0.996534
0.131696 0.996534
0.131228 0.996459
0.130994 0.996459
0.129357 0.996459
0.129123 0.996459
0.128421 0.996383
0.128187 0.996383
0.127719 0.996308
0.127485 0.996308
0.127018 0.996308
0.126784 0.996308
0.12655 0.996308
0.125146 0.996308
0.124444 0.996233
0.123977 0.996233
0.123743 0.996233
0.123275 0.996082
0.122573 0.996082
0.121637 0.996082
0.120702 0.996007
0.120702 0.995931
0.120468 0.995931
0.116491 0.995931
0.114854 0.995931
0.11462 0.995931
0.114386 0.995931
0.113684 0.995931
0.110877 0.995931
0.110643 0.995856
0.110409 0.995856
0.109942 0.995781
0.109474 0.995555
0.109474 0.995404
0.109006 0.995404
0.108304 0.995178
0.107836 0.995178
0.107602 0.995178
0.107135 0.995178
0.106433 0.995027
0.106433 0.994952
0.105965 0.994801
0.105731 0.994726
0.105497 0.994575
0.105029 0.9945
0.10386 0.9945
0.103626 0.994424
0.103392 0.994424
0.103392 0.994274
0.103158 0.994198
0.103158 0.994048
0.10269 0.994048
0.102456 0.993972
0.101988 0.993897
0.101287 0.993897
0.101053 0.993746
0.100819 0.993746
0.100819 0.993596
0.100351 0.993596
0.099649 0.993596
0.099181 0.99352
0.098012 0.99352
0.097778 0.993445
0.09731 0.993219
0.09731 0.993143
0.096842 0.993143
0.096374 0.993143
0.09614 0.993068
0.095906 0.993068
0.095906 0.992993
0.095906 0.992917
0.095439 0.992917
0.095439 0.992842
0.095205 0.992767
0.094737 0.992767
0.094269 0.992767
0.093801 0.992767
0.093333 0.992767
0.092632 0.992767
0.092632 0.992616
0.092398 0.992541
0.092398 0.992465
0.092398 0.99239
0.092164 0.992239
0.09193 0.992164
0.09076 0.992089
0.090526 0.992089
0.090292 0.992089
0.090058 0.992089
0.089357 0.992013
0.088889 0.992013
0.087953 0.992013
0.087953 0.991787
0.087953 0.991712
0.087485 0.991712
0.087018 0.991561
0.087018 0.99126
0.086784 0.991184
0.08655 0.991109
0.08655 0.991034
0.086316 0.991034
0.086082 0.991034
0.086082 0.990808
0.085848 0.990808
0.08538 0.990808
0.085146 0.990657
0.084678 0.990657
0.084444 0.990506
0.084211 0.990506
0.083743 0.990506
0.083275 0.99028
0.083041 0.990205
0.082573 0.990205
0.081404 0.990054
0.08117 0.990054
0.080936 0.990054
0.080936 0.989979
0.080702 0.989828
0.080468 0.989828
0.080468 0.989753
0.080234 0.989753
0.080234 0.989678
0.08 0.989602
0.08 0.989451
0.079766 0.989451
0.079532 0.989451
0.079532 0.98915
0.079532 0.989075
0.079532 0.988999
0.07883 0.988999
0.078596 0.988999
0.078363 0.988999
0.078129 0.988924
0.078129 0.988849
0.077661 0.988773
0.077193 0.988623
0.077193 0.988547
0.076491 0.988547
0.076257 0.988472
0.076257 0.988321
0.075789 0.988321
0.075556 0.988246
0.07462 0.988246
0.074386 0.988246
0.074386 0.988171
0.074152 0.988095
0.074152 0.987869
0.073918 0.987869
0.073216 0.987869
0.072982 0.987794
0.072749 0.987794
0.072515 0.987794
0.072047 0.987794
0.072047 0.987719
0.072047 0.987417
0.071579 0.987266
0.071345 0.987266
0.071111 0.987266
0.070409 0.987116
0.069708 0.98704
0.069708 0.986965
0.069474 0.986965
0.06924 0.986739
0.06924 0.986664
0.06924 0.986438
0.068538 0.986438
0.068304 0.986438
0.06807 0.986438
0.06807 0.986362
0.06807 0.986212
0.067602 0.986136
0.067602 0.985986
0.067368 0.985986
0.067135 0.985986
0.067135 0.98591
0.067135 0.985835
0.066901 0.985835
0.065965 0.985759
0.065731 0.985684
0.065731 0.985232
0.065263 0.985232
0.064795 0.985006
0.064561 0.985006
0.064561 0.98478
0.064327 0.98478
0.064094 0.98478
0.063626 0.984705
0.063392 0.984328
0.062924 0.984177
0.06269 0.984177
0.062222 0.983951
0.06152 0.983876
0.061287 0.983876
0.061287 0.9838
0.061287 0.983725
0.061053 0.983725
0.060819 0.983424
0.060819 0.983348
0.060819 0.983198
0.060585 0.983198
0.060351 0.983198
0.060351 0.982896
0.060351 0.982746
0.059883 0.982746
0.059415 0.982595
0.058947 0.982369
0.058012 0.982369
0.05731 0.982068
0.05731 0.981917
0.05731 0.981841
0.05731 0.981766
0.05731 0.981691
0.05731 0.981615
0.056608 0.98154
0.056608 0.981465
0.056374 0.981465
0.056374 0.981314
0.056374 0.981239
0.056374 0.981088
0.056374 0.981013
0.056374 0.980937
0.05614 0.980862
0.055439 0.980485
0.054971 0.980033
0.054737 0.979958
0.054503 0.979506
0.054269 0.979506
0.053801 0.979355
0.053801 0.97928
0.052632 0.978903
0.052164 0.978526
0.05193 0.978526
0.051696 0.978526
0.051462 0.978074
0.051228 0.978074
0.051228 0.977547
0.051228 0.977396
0.050994 0.977396
0.05076 0.977321
0.050526 0.977321
0.050292 0.97717
0.050058 0.977095
0.050058 0.977019
0.050058 0.976944
0.049825 0.976718
0.049825 0.976567
0.049825 0.976492
0.049825 0.976266
0.049591 0.976266
0.049591 0.976115
0.049591 0.975964
0.049357 0.975814
0.049357 0.975512
0.048889 0.97491
0.047485 0.971444
0.047485 0.971293
0.047485 0.971218
0.047251 0.970841
0.047018 0.970539
0.047018 0.970313
0.046784 0.970087
0.046316 0.967074
0.045848 0.966847
0.045848 0.966697
0.044444 0.963231
0.044211 0.962025
0.044211 0.96195
0.044211 0.961875
0.044211 0.961649
0.044211 0.961197
0.043743 0.959464
0.043743 0.959388
0.043743 0.959237
0.042339 0.953662
0.040468 0.949066
0.040468 0.94899
0.039766 0.948614
0.039766 0.948538
0.039766 0.948237
0.039766 0.948162
0.039766 0.948086
0.039766 0.947559
0.039766 0.947182
0.037895 0.943942
0.037895 0.943867
0.037661 0.943415
0.036023 0.939195
0.036023 0.939045
0.036023 0.938743
0.035556 0.937387
0.035556 0.937086
0.035556 0.93686
0.035088 0.935277
0.034854 0.934222
0.034854 0.934147
0.03345 0.930832
0.033216 0.929174
0.032982 0.928873
0.032749 0.928797
0.032749 0.928647
0.032749 0.928571
0.030643 0.924879
0.030643 0.924729
0.030643 0.924503
0.030409 0.924277
0.030175 0.921489
0.030175 0.920886
0.029708 0.91953
0.029708 0.9184
0.029474 0.9184
0.02924 0.916893
0.029006 0.916365
0.028772 0.915612
0.028772 0.915536
0.028772 0.913427
0.028772 0.913351
0.028772 0.913276
0.028772 0.913125
0.028538 0.912749
0.026901 0.909057
0.026901 0.906344
0.026901 0.906118
0.026433 0.903858
0.026433 0.903707
0.025731 0.901748
0.025731 0.901673
0.025731 0.901371
0.025263 0.899262
0.025263 0.899186
0.025263 0.899111
0.025263 0.896851
0.025263 0.896624
0.024561 0.894213
0.024561 0.893761
0.024561 0.893686
0.024561 0.893083
0.024561 0.892405
0.024327 0.892405
0.02386 0.890597
0.02386 0.890446
0.02386 0.890295
0.02386 0.89022
0.023158 0.888864
0.023158 0.887357
0.023158 0.886754
0.022456 0.885699
0.022222 0.884343
0.021988 0.883439
0.021287 0.881178
0.021053 0.87937
0.021053 0.878466
0.020819 0.876582
0.020819 0.876507
0.020819 0.875527
0.020819 0.875377
0.020585 0.873342
0.020117 0.871007
0.019883 0.870781
0.019649 0.869876
0.018947 0.868369
0.01848 0.866184
0.017778 0.863698
0.01731 0.862191
0.01731 0.862116
0.017076 0.860232
0.016374 0.857821
0.01614 0.856013
0.01614 0.854656
0.01614 0.854581
0.01614 0.8533
0.01614 0.85119
0.01614 0.850814
0.015906 0.848855
0.015673 0.848101
0.015673 0.848026
0.015439 0.845916
0.015439 0.845841
0.015439 0.84569
0.014971 0.843354
0.014971 0.842827
0.014971 0.842601
0.014503 0.840793
0.014503 0.840717
0.014035 0.840265
0.014035 0.84019
0.013801 0.839135
0.013801 0.838909
0.013801 0.838532
0.013801 0.838306
0.013801 0.838231
0.013801 0.83808
0.013801 0.837779
0.013801 0.83582
0.013333 0.834388
0.013099 0.834237
0.012865 0.834237
0.012865 0.834162
0.012865 0.834011
0.012865 0.833032
0.012632 0.833032
0.012632 0.832203
0.012632 0.831977
0.012632 0.831751
0.012632 0.831676
0.012632 0.8316
0.012632 0.831525
0.012632 0.830621
0.012632 0.830546
0.012632 0.83047
0.012632 0.830244
0.012632 0.829265
0.012632 0.828511
0.012632 0.828436
0.012398 0.82708
0.012398 0.827004
0.012398 0.826627
0.012398 0.825121
0.012398 0.824744
0.012398 0.824216
0.012398 0.824141
0.012398 0.82384
0.012398 0.823764
0.012398 0.823614
0.012398 0.823463
0.012398 0.823312
0.012164 0.822257
0.011696 0.820675
0.011696 0.820374
0.011696 0.819244
0.011696 0.819168
0.011462 0.818867
0.011462 0.816456
0.010994 0.815853
0.01076 0.81412
0.01076 0.814045
0.01076 0.813894
0.01076 0.813819
0.01076 0.813743
0.01076 0.813366
0.01076 0.812538
0.01076 0.812236
0.01076 0.811181
0.01076 0.810202
0.01076 0.809448
0.01076 0.809373
0.01076 0.809298
0.01076 0.808469
0.01076 0.808394
0.01076 0.807942
0.01076 0.807791
0.01076 0.807715
0.010526 0.80651
0.010526 0.806435
0.010526 0.805681
0.010526 0.805606
0.010292 0.804928
0.010292 0.804551
0.010058 0.803873
0.010058 0.800332
0.009825 0.799729
0.009825 0.798146
0.009825 0.797996
0.009825 0.797845
0.009825 0.797694
0.009825 0.797092
0.009825 0.796338
0.009825 0.794304
0.009825 0.791365
0.009825 0.790386
0.009825 0.79031
0.009825 0.790235
0.009825 0.788728
0.009825 0.787824
0.009825 0.787297
0.009591 0.787146
0.009591 0.786694
0.009591 0.786543
0.009591 0.78594
0.009591 0.785488
0.009591 0.785413
0.009591 0.784509
0.009591 0.784358
0.009591 0.783981
0.009591 0.78368
0.009357 0.783454
0.009357 0.783379
0.009357 0.782625
0.009357 0.782248
0.009357 0.781721
0.008889 0.780666
0.008655 0.779084
0.008655 0.778406
0.008655 0.77833
0.008421 0.778104
0.008421 0.777652
0.008421 0.777502
0.008421 0.777426
0.008421 0.777351
0.008421 0.774864
0.008421 0.774638
0.008421 0.772679
0.008421 0.772378
0.008421 0.771926
0.008421 0.769515
0.008421 0.768309
0.008421 0.768234
0.008421 0.768083
0.008421 0.767932
0.008421 0.767857
0.008187 0.764994
0.008187 0.764919
0.008187 0.76409
0.008187 0.763939
0.008187 0.763864
0.008187 0.763562
0.008187 0.762658
0.008187 0.762055
0.008187 0.761905
0.008187 0.761829
0.008187 0.761754
0.008187 0.761679
0.008187 0.761603
0.008187 0.760925
0.008187 0.76085
0.008187 0.760775
0.008187 0.75859
0.008187 0.757233
0.008187 0.756706
0.007953 0.755651
0.007953 0.754822
0.007953 0.754521
0.007953 0.753617
0.007953 0.753541
0.007719 0.752712
0.007719 0.752562
0.007719 0.752336
0.007485 0.752034
0.007485 0.751808
0.007485 0.751733
0.007485 0.750377
0.007485 0.750301
0.007485 0.750226
0.007485 0.749623
0.007485 0.749548
0.007485 0.74676
0.007485 0.746082
0.007485 0.745705
0.007485 0.74563
0.007018 0.742541
0.007018 0.741335
0.007018 0.741184
0.007018 0.741109
0.007018 0.740356
0.007018 0.739753
0.007018 0.738849
0.006784 0.738849
0.006784 0.738773
0.006082 0.736965
0.006082 0.735835
0.006082 0.735684
0.005848 0.735533
0.005848 0.735458
0.005848 0.735383
0.005614 0.735307
0.005614 0.734403
0.005614 0.733725
0.005614 0.73365
0.005614 0.732821
0.005614 0.731766
0.00538 0.730485
0.00538 0.73041
0.005146 0.730184
0.005146 0.730108
0.005146 0.730033
0.005146 0.729958
0.005146 0.72928
0.005146 0.729204
0.005146 0.728376
0.005146 0.7283
0.005146 0.728225
0.004912 0.727999
0.004912 0.727923
0.004912 0.725814
0.004912 0.725211
0.004912 0.725136
0.004912 0.724231
0.004912 0.724156
0.004912 0.724081
0.004912 0.723704
0.004912 0.723553
0.004912 0.723327
0.004912 0.723177
0.004912 0.723026
0.004912 0.722951
0.004912 0.722875
0.004678 0.72182
0.004678 0.721293
0.004678 0.721142
0.004678 0.721067
0.004444 0.720539
0.004444 0.720313
0.004444 0.720238
0.004444 0.720163
0.004444 0.719108
0.004444 0.719033
0.004444 0.718957
0.004444 0.718731
0.004444 0.71843
0.004444 0.718053
0.004444 0.717978
0.004211 0.714512
0.004211 0.711121
0.004211 0.711046
0.004211 0.710669
0.004211 0.709313
0.004211 0.708559
0.004211 0.708409
0.004211 0.707957
0.004211 0.70758
0.004211 0.707429
0.004211 0.707354
0.004211 0.702004
0.004211 0.700799
0.003977 0.699593
0.003977 0.698689
0.003509 0.69673
0.003509 0.69462
0.003275 0.691682
0.003275 0.691606
0.003275 0.691531
0.003275 0.691305
0.003275 0.691154
0.003275 0.688969
0.003275 0.688819
0.003275 0.688743
0.003275 0.68799
0.003275 0.687914
0.003275 0.68588
0.003275 0.68264
0.003275 0.682565
0.003275 0.682489
0.003275 0.681661
0.003275 0.681585
0.003275 0.680832
0.003275 0.680756
0.003275 0.678722
0.003275 0.678496
0.003275 0.678044
0.003275 0.677969
0.003275 0.676763
0.003275 0.676612
0.003275 0.675934
0.003275 0.675859
0.003041 0.675105
0.003041 0.674955
0.003041 0.674804
0.003041 0.674729
0.003041 0.674126
0.003041 0.674051
0.003041 0.6739
0.002807 0.6739
0.002807 0.673825
0.002807 0.67164
0.002807 0.671564
0.002807 0.669454
0.002807 0.669153
0.002807 0.668927
0.002807 0.667646
0.002807 0.664557
0.002573 0.66403
0.002573 0.663954
0.002573 0.663879
0.002573 0.663803
0.002573 0.659433
0.002573 0.65755
0.002573 0.655214
0.002573 0.655139
0.002573 0.653029
0.002573 0.649337
0.002573 0.649262
0.002573 0.649036
0.002573 0.64896
0.002573 0.648885
0.002573 0.64881
0.002573 0.648659
0.002339 0.647981
0.002339 0.645796
0.002339 0.642631
0.002339 0.642556
0.002339 0.64248
0.002339 0.642405
0.002339 0.64233
0.002339 0.641878
0.002339 0.641727
0.002339 0.64135
0.002339 0.640747
0.002339 0.64022
0.002339 0.640145
0.002339 0.640069
0.002339 0.638788
0.002339 0.635398
0.002339 0.635322
0.002339 0.635247
0.002339 0.631857
0.002339 0.631706
0.002339 0.631631
0.002339 0.631555
0.002339 0.631329
0.002339 0.631178
0.002339 0.626808
0.002339 0.626733
0.002339 0.622815
0.002339 0.622589
0.002339 0.622363
0.002339 0.621835
0.002339 0.62176
0.002339 0.618369
0.002339 0.618068
0.002339 0.617315
0.002339 0.616938
0.002105 0.616787
0.002105 0.616561
0.002105 0.61641
0.002105 0.616109
0.002105 0.616034
0.002105 0.615958
0.002105 0.615883
0.002105 0.615808
0.002105 0.615582
0.002105 0.615506
0.002105 0.611061
0.002105 0.60654
0.002105 0.603451
0.001871 0.602848
0.001871 0.602773
0.001871 0.602697
0.001871 0.602622
0.001871 0.602547
0.001871 0.602471
0.001871 0.602396
0.001871 0.602321
0.001871 0.60217
0.001871 0.602019
0.001871 0.601944
0.001637 0.601869
0.001637 0.60119
0.001404 0.598026
0.001404 0.597951
0.001404 0.597875
0.001404 0.5978
0.001404 0.597649
0.001404 0.597272
0.001404 0.597122
0.001404 0.597046
0.001404 0.596971
0.001404 0.596519
0.001404 0.596368
0.001404 0.59569
0.001404 0.595539
0.001404 0.595313
0.001404 0.595238
0.001404 0.595163
0.001404 0.594259
0.001404 0.593656
0.001404 0.59358
0.001404 0.589361
0.001404 0.589286
0.001404 0.58921
0.001404 0.58906
0.001404 0.588984
0.001404 0.588306
0.001404 0.58808
0.001404 0.586121
0.000936 0.584539
0.000936 0.584313
0.000936 0.584087
0.000702 0.581751
0.000702 0.581525
0.000702 0.581299
0.000702 0.581224
0.000702 0.576175
0.000702 0.575573
0.000702 0.572257
0.000702 0.570449
0.000702 0.570374
0.000702 0.570298
0.000702 0.569997
0.000702 0.569922
0.000702 0.569696
0.000702 0.56962
0.000702 0.56947
0.000702 0.569319
0.000702 0.569244
0.000702 0.56849
0.000702 0.568113
0.000702 0.567812
0.000702 0.565325
0.000702 0.564873
0.000702 0.564647
0.000702 0.564271
0.000702 0.561558
0.000702 0.561483
0.000702 0.561332
0.000702 0.561257
0.000702 0.560277
0.000702 0.560202
0.000702 0.560127
0.000702 0.560051
0.000702 0.55975
0.000702 0.559599
0.000702 0.55651
0.000702 0.556359
0.000702 0.556284
0.000702 0.555983
0.000702 0.555907
0.000702 0.555756
0.000702 0.555681
0.000702 0.555606
0.000702 0.55553
0.000702 0.555304
0.000702 0.555229
0.000702 0.555154
0.000702 0.554928
0.000702 0.554852
0.000702 0.553647
0.000702 0.552592
0.000702 0.552366
0.000702 0.55214
0.000702 0.552064
0.000702 0.551914
0.000702 0.551838
0.000702 0.551612
0.000702 0.551462
0.000702 0.550181
0.000702 0.55003
0.000702 0.549955
0.000702 0.549729
0.000702 0.545509
0.000702 0.545359
0.000702 0.545283
0.000702 0.544756
0.000702 0.544605
0.000702 0.544228
0.000702 0.542722
0.000702 0.542646
0.000702 0.542571
0.000702 0.54242
0.000702 0.542345
0.000702 0.541591
0.000702 0.541516
0.000702 0.541139
0.000702 0.541064
0.000702 0.540989
0.000702 0.540913
0.000702 0.540838
0.000702 0.540687
0.000702 0.540235
0.000702 0.537297
0.000702 0.537146
0.000702 0.537071
0.000702 0.536618
0.000702 0.536091
0.000702 0.535714
0.000702 0.535639
0.000702 0.535488
0.000702 0.535413
0.000702 0.535338
0.000702 0.5327
0.000702 0.532625
0.000702 0.532474
0.000702 0.532399
0.000702 0.532248
0.000702 0.531872
0.000702 0.531796
0.000702 0.531721
0.000702 0.53157
0.000702 0.525844
0.000702 0.525618
0.000702 0.525542
0.000702 0.525241
0.000702 0.523508
0.000702 0.523282
0.000702 0.523056
0.000702 0.522981
0.000702 0.52283
0.000702 0.522378
0.000702 0.522227
0.000702 0.522001
0.000468 0.518761
0.000468 0.518611
0.000468 0.51846
0.000468 0.518083
0.000468 0.517932
0.000468 0.517857
0.000468 0.517556
0.000468 0.517254
0.000468 0.516878
0.000468 0.51635
0.000468 0.516275
0.000468 0.516124
0.000468 0.515069
0.000468 0.514693
0.000468 0.514542
0.000468 0.514467
0.000468 0.514165
0.000468 0.514014
0.000468 0.513713
0.000468 0.513562
0.000468 0.513261
0.000468 0.51311
0.000468 0.51296
0.000468 0.512583
0.000468 0.512508
0.000468 0.511905
0.000468 0.511754
0.000468 0.511377
0.000468 0.511227
0.000468 0.511001
0.000468 0.51085
0.000468 0.510549
0.000468 0.50987
0.000468 0.509644
0.000234 0.508137
0.000234 0.507685
0.000234 0.50761
0.000234 0.506555
0.000234 0.506329
0.000234 0.506254
0.000234 0.506178
0.000234 0.50437
0.000234 0.502712
0.000234 0.502486
0.000234 0.502411
0.000234 0.502336
0.000234 0.502185
0.000234 0.50211
0.000234 0.50098
0.000234 0.500753
0.000234 0.500377
0.000234 0.499849
0.000234 0.497061
0.000234 0.496685
0.000234 0.496609
0.000234 0.496157
0.000234 0.496082
0.000234 0.496007
0.000234 0.495931
0.000234 0.495705
0.000234 0.492917
0.000234 0.492616
0.000234 0.49239
0.000234 0.492315
0.000234 0.492239
0.000234 0.492164
0.000234 0.492089
0.000234 0.491712
0.000234 0.491335
0.000234 0.491109
0.000234 0.491034
0.000234 0.490958
0.000234 0.490732
0.000234 0.490506
0.000234 0.490205
0.000234 0.489904
0.000234 0.489678
0.000234 0.489376
0.000234 0.489301
0.000234 0.48915
0.000234 0.489075
0.000234 0.488924
0.000234 0.488397
0.000234 0.488246
0.000234 0.488095
0.000234 0.48802
0.000234 0.487869
0.000234 0.487794
0.000234 0.487492
0 0.487342
0 0.484931
0 0.48478
0 0.484705
0 0.484629
0 0.484479
0 0.484253
0 0.484177
0 0.484102
0 0.483951
0 0.483876
0 0.483499
0 0.482595
0 0.48252
0 0.482369
0 0.482218
0 0.481088
0 0.481013
0 0.480862
0 0.480711
0 0.479882
0 0.479807
0 0.479656
0 0.479506
0 0.479355
0 0.47928
0 0.479129
0 0.478828
0 0.478677
0 0.477547
0 0.476793
0 0.476567
0 0.476417
0 0.476341
0 0.471745
0 0.471519
0 0.471218
0 0.470992
0 0.47069
0 0.470238
0 0.470012
0 0.469711
0 0.469334
0 0.469108
0 0.468807
0 0.468731
0 0.468656
0 0.46843
0 0.468354
0 0.468204
0 0.467074
0 0.466998
0 0.466923
0 0.466847
0 0.463984
0 0.463909
0 0.463758
0 0.463608
0 0.463532
0 0.463457
0 0.463382
0 0.463306
0 0.462779
0 0.462703
0 0.462628
0 0.462176
0 0.461799
0 0.461573
0 0.461498
0 0.461423
0 0.461347
0 0.461272
0 0.459916
0 0.45984
0 0.459765
0 0.459313
0 0.459237
0 0.458861
0 0.458635
0 0.458559
0 0.458333
0 0.458258
0 0.458183
0 0.458107
0 0.458032
0 0.457429
0 0.457278
0 0.457203
0 0.456977
0 0.456902
0 0.456826
0 0.455018
0 0.454943
0 0.453737
0 0.453586
0 0.453511
0 0.448915
0 0.448312
0 0.448162
0 0.448086
0 0.44786
0 0.447559
0 0.447333
0 0.447257
0 0.447107
0 0.44673
0 0.446504
0 0.446429
0 0.446353
0 0.446052
0 0.445976
0 0.445901
0 0.445826
0 0.44575
0 0.445298
0 0.444093
0 0.443942
0 0.443867
0 0.443791
0 0.443565
0 0.443415
0 0.443264
0 0.443113
0 0.442963
0 0.442812
0 0.442661
0 0.442435
0 0.44236
0 0.442209
0 0.441983
0 0.441531
0 0.44138
0 0.440928
0 0.440853
0 0.440778
0 0.440627
0 0.440552
0 0.440099
0 0.440024
0 0.439647
0 0.439572
0 0.436634
0 0.436558
0 0.436483
0 0.436407
0 0.434448
0 0.434373
0 0.433544
0 0.433469
0 0.433394
0 0.433168
0 0.432113
0 0.431661
0 0.431585
0 0.431435
0 0.431359
0 0.430907
0 0.430681
0 0.430606
0 0.43053
0 0.430229
0 0.430154
0 0.430003
0 0.429777
0 0.429626
0 0.429551
0 0.429476
0 0.428496
0 0.42827
0 0.427441
0 0.427366
0 0.427064
0 0.426989
0 0.426914
0 0.426838
0 0.426763
0 0.426688
0 0.426537
0 0.426462
0 0.425859
0 0.425784
0 0.425708
0 0.425181
0 0.424879
0 0.424427
0 0.423071
0 0.42292
0 0.42277
0 0.422468
0 0.422318
0 0.421414
0 0.420811
0 0.420735
0 0.42066
0 0.420434
0 0.419379
0 0.418852
0 0.418475
0 0.4184
0 0.418324
0 0.418174
0 0.417646
0 0.417571
0 0.417119
0 0.416667
0 0.416591
0 0.416215
0 0.416139
0 0.415687
0 0.415084
0 0.414632
0 0.413954
0 0.413879
0 0.412749
0 0.412673
0 0.412598
0 0.412523
0 0.411694
0 0.411543
0 0.411468
0 0.411016
0 0.41094
0 0.410865
0 0.410714
0 0.410639
0 0.410338
0 0.410262
0 0.409057
0 0.408981
0 0.40868
0 0.408454
0 0.408379
0 0.408228
0 0.407474
0 0.406043
0 0.405591
0 0.405515
0 0.404988
0 0.404385
0 0.404084
0 0.404008
0 0.403933
0 0.403556
0 0.402878
0 0.402502
0 0.402426
0 0.401823
0 0.401673
0 0.401522
0 0.401447
0 0.401296
0 0.400995
0 0.400919
0 0.400467
0 0.400166
0 0.399864
0 0.399714
0 0.399638
0 0.399563
0 0.399488
0 0.399412
0 0.399337
0 0.399262
0 0.399111
0 0.398885
0 0.398734
0 0.398583
0 0.398508
0 0.397981
0 0.397529
0 0.397453
0 0.397378
0 0.396549
0 0.395494
0 0.395419
0 0.395344
0 0.395268
0 0.395118
0 0.394967
0 0.394892
0 0.392857
0 0.392631
0 0.392556
0 0.39248
0 0.392405
0 0.392028
0 0.391878
0 0.391727
0 0.391652
0 0.388864
0 0.388788
0 0.388638
0 0.388487
0 0.388412
0 0.388336
0 0.387131
0 0.386754
0 0.386528
0 0.386302
0 0.386227
0 0.386151
0 0.386001
0 0.385699
0 0.385624
0 0.385549
0 0.385473
0 0.384795
0 0.384418
0 0.384268
0 0.38374
0 0.383288
0 0.383137
0 0.382761
0 0.38261
0 0.382535
0 0.382459
0 0.382384
0 0.382007
0 0.381932
0 0.381555
0 0.380576
0 0.38035
0 0.380124
0 0.379747
0 0.379521
0 0.379144
0 0.37824
0 0.378014
0 0.377863
0 0.377637
0 0.377486
0 0.377411
0 0.377185
0 0.375452
0 0.375226
0 0.374774
0 0.374699
0 0.374623
0 0.374247
0 0.37402
0 0.373945
0 0.373644
0 0.373493
0 0.373342
0 0.373267
0 0.373116
0 0.37274
0 0.372589
0 0.372514
0 0.372363
0 0.372061
0 0.371685
0 0.371534
0 0.371383
0 0.371082
0 0.369424
0 0.369198
0 0.368897
0 0.368822
0 0.368746
0 0.368596
0 0.368219
0 0.368143
0 0.367917
0 0.367767
0 0.367691
0 0.367616
0 0.367465
0 0.36739
0 0.367239
0 0.367164
0 0.366486
0 0.36641
0 0.36626
0 0.366109
0 0.366034
0 0.365732
0 0.365657
0 0.365356
0 0.36528
0 0.364828
0 0.364753
0 0.364602
0 0.364451
0 0.364376
0 0.363849
0 0.363773
0 0.363623
0 0.36302
0 0.362945
0 0.362869
0 0.362719
0 0.361588
0 0.361287
0 0.361212
0 0.360986
0 0.36091
0 0.360835
0 0.360759
0 0.360307
0 0.360157
0 0.360081
0 0.360006
0 0.359855
0 0.35978
0 0.359177
0 0.358499
0 0.357896
0 0.357595
0 0.35752
0 0.357369
0 0.357218
0 0.356992
0 0.356088
0 0.356013
0 0.355937
0 0.355862
0 0.355561
0 0.355335
0 0.355259
0 0.355033
0 0.354882
0 0.354355
0 0.35428
0 0.353978
0 0.353451
0 0.353376
0 0.3533
0 0.352622
0 0.35217
0 0.351869
0 0.351793
0 0.351492
0 0.351417
0 0.351341
0 0.351266
0 0.351115
0 0.35104
0 0.350663
0 0.349533
0 0.349231
0 0.348855
0 0.347348
0 0.347197
0 0.347122
0 0.347046
0 0.34682
0 0.346745
0 0.34667
0 0.346519
0 0.346293
0 0.345539
0 0.345464
0 0.345389
0 0.345238
0 0.345012
0 0.344711
0 0.344635
0 0.34456
0 0.344485
0 0.344183
0 0.343279
0 0.343204
0 0.342902
0 0.342601
0 0.34245
0 0.342375
0 0.342224
0 0.341923
0 0.341245
0 0.341094
0 0.341019
0 0.340943
0 0.340868
0 0.340642
0 0.340039
0 0.339662
0 0.339587
0 0.339512
0 0.339436
0 0.33906
0 0.338984
0 0.338909
0 0.338758
0 0.338683
0 0.338532
0 0.338457
0 0.338382
0 0.338005
0 0.337854
0 0.337553
0 0.337477
0 0.337327
0 0.337251
0 0.337101
0 0.337025
0 0.33695
0 0.336649
0 0.336498
0 0.336423
0 0.336272
0 0.336046
0 0.335744
0 0.335594
0 0.334313
0 0.334162
0 0.334087
0 0.333936
0 0.333861
0 0.33371
0 0.333635
0 0.333559
0 0.333333
0 0.333258
0 0.331224
0 0.330922
0 0.330772
0 0.330621
0 0.330546
0 0.330018
0 0.329943
0 0.329867
0 0.329717
0 0.329566
0 0.329114
0 0.328888
0 0.328737
0 0.328586
0 0.328511
0 0.327306
0 0.327004
0 0.326929
0 0.326854
0 0.326477
0 0.326025
0 0.325347
0 0.325271
0 0.325196
0 0.325121
0 0.325045
0 0.324895
0 0.324593
0 0.324518
0 0.324292
0 0.323764
0 0.323614
0 0.323388
0 0.322559
0 0.322483
0 0.322408
0 0.322333
0 0.320524
0 0.318565
0 0.317586
0 0.317511
0 0.31525
0 0.314346
0 0.314195
0 0.313969
0 0.313894
0 0.313819
0 0.313668
0 0.310729
0 0.310654
0 0.310428
0 0.308544
0 0.308469
0 0.308017
0 0.307866
0 0.307791
0 0.307188
0 0.307113
0 0.307037
0 0.306887
0 0.306811
0 0.306736
0 0.306661
0 0.30651
0 0.306435
0 0.306359
0 0.306284
0 0.304476
0 0.303044
0 0.302667
0 0.302366
0 0.302064
0 0.301989
0 0.301914
0 0.301838
0 0.301612
0 0.300558
0 0.300256
0 0.300181
0 0.300105
0 0.30003
0 0.299955
0 0.299653
0 0.299578
0 0.299126
0 0.298975
0 0.298599
0 0.298523
0 0.298373
0 0.298222
0 0.298146
0 0.297694
0 0.297468
0 0.297393
0 0.297318
0 0.297242
0 0.296866
0 0.296489
0 0.296187
0 0.295961
0 0.294002
0 0.293249
0 0.292646
0 0.29129
0 0.291064
0 0.290763
0 0.290612
0 0.290536
0 0.29031
0 0.289858
0 0.28918
0 0.289105
0 0.28903
0 0.288803
0 0.287899
0 0.287824
0 0.286995
0 0.286844
0 0.286769
0 0.286543
0 0.286468
0 0.286016
0 0.28594
0 0.285338
0 0.285187
0 0.285112
0 0.284885
0 0.284509
0 0.284132
0 0.283981
0 0.283605
0 0.283454
0 0.283153
0 0.282851
0 0.282776
0 0.282399
0 0.282248
0 0.282173
0 0.281269
0 0.281193
0 0.280967
0 0.280741
0 0.280365
0 0.280139
0 0.279988
0 0.279762
0 0.279611
0 0.27931
0 0.279159
0 0.279084
0 0.278933
0 0.278858
0 0.278632
0 0.27833
0 0.27818
0 0.278104
0 0.277652
0 0.275316
0 0.27509
0 0.273207
0 0.273056
0 0.272227
0 0.271926
0 0.271851
0 0.271624
0 0.271398
0 0.271022
0 0.270871
0 0.268912
0 0.268761
0 0.268385
0 0.268309
0 0.268083
0 0.268008
0 0.267556
0 0.266501
0 0.266426
0 0.26635
0 0.266049
0 0.265069
0 0.264617
0 0.264467
0 0.264165
0 0.26409
0 0.264014
0 0.263562
0 0.263412
0 0.263261
0 0.263186
0 0.263035
0 0.26296
0 0.262884
0 0.261679
0 0.261603
0 0.261453
0 0.261151
0 0.261001
0 0.26085
0 0.260775
0 0.260699
0 0.260624
0 0.25972
0 0.258137
0 0.257987
0 0.257911
0 0.257761
0 0.257685
0 0.257535
0 0.257459
0 0.256932
0 0.256857
0 0.256781
0 0.256706
0 0.254747
0 0.254671
0 0.254596
0 0.254295
0 0.253843
0 0.253767
0 0.253692
0 0.253617
0 0.252939
0 0.250678
0 0.250603
0 0.250527
0 0.250452
0 0.250301
0 0.25
0 0.249699
0 0.249473
0 0.249096
0 0.248945
0 0.24887
0 0.248493
0 0.248418
0 0.248342
0 0.248267
0 0.248192
0 0.248116
0 0.248041
0 0.24789
0 0.247815
0 0.247664
0 0.247438
0 0.247288
0 0.247137
0 0.247061
0 0.24676
0 0.246459
0 0.244424
0 0.244349
0 0.244274
0 0.243897
0 0.243671
0 0.243596
0 0.243369
0 0.242993
0 0.242315
0 0.242239
0 0.242089
0 0.242013
0 0.240657
0 0.240582
0 0.238849
0 0.237945
0 0.237869
0 0.237794
0 0.237191
0 0.23689
0 0.236362
0 0.236287
0 0.236212
0 0.236136
0 0.235835
0 0.235458
0 0.235383
0 0.235232
0 0.23478
0 0.234705
0 0.234629
0 0.234253
0 0.234027
0 0.233574
0 0.233047
0 0.232972
0 0.23252
0 0.232369
0 0.232218
0 0.231013
0 0.230937
0 0.230862
0 0.230711
0 0.230561
0 0.229129
0 0.229054
0 0.228903
0 0.228828
0 0.228602
0 0.228526
0 0.225889
0 0.225588
0 0.225437
0 0.225211
0 0.22506
0 0.224834
0 0.224684
0 0.224608
0 0.224533
0 0.224081
0 0.224005
0 0.223855
0 0.223779
0 0.223478
0 0.223327
0 0.2228
0 0.220841
0 0.22069
0 0.220539
0 0.218807
0 0.218731
0 0.218505
0 0.218279
0 0.217827
0 0.217676
0 0.21745
0 0.217375
0 0.2173
0 0.217149
0 0.216847
0 0.215868
0 0.215341
0 0.215265
0 0.215115
0 0.215039
0 0.214888
0 0.214738
0 0.21421
0 0.213532
0 0.213382
0 0.213156
0 0.21308
0 0.213005
0 0.212628
0 0.212402
0 0.212251
0 0.212176
0 0.211799
0 0.211724
0 0.210518
0 0.210066
0 0.209991
0 0.209087
0 0.208409
0 0.208258
0 0.208183
0 0.208107
0 0.205847
0 0.205696
0 0.205621
0 0.205546
0 0.20547
0 0.205395
0 0.205319
0 0.205244
0 0.203963
0 0.203662
0 0.203586
0 0.20336
0 0.203134
0 0.202682
0 0.202607
0 0.202532
0 0.20223
0 0.19997
0 0.199895
0 0.199744
0 0.199668
0 0.199216
0 0.197936
0 0.197408
0 0.195976
0 0.19575
0 0.195675
0 0.195298
0 0.195072
0 0.194922
0 0.194846
0 0.194771
0 0.19447
0 0.194319
0 0.194244
0 0.194168
0 0.194093
0 0.194017
0 0.193867
0 0.19349
0 0.193339
0 0.193038
0 0.192963
0 0.192887
0 0.192661
0 0.192209
0 0.192134
0 0.192058
0 0.191682
0 0.190401
0 0.19025
0 0.190175
0 0.190099
0 0.189873
0 0.189798
0 0.189421
0 0.189346
0 0.18912
0 0.188969
0 0.188894
0 0.188517
0 0.188442
0 0.18814
0 0.18799
0 0.187613
0 0.187462
0 0.187387
0 0.187312
0 0.187236
0 0.187161
0 0.187086
0 0.18701
0 0.186935
0 0.18686
0 0.186407
0 0.186332
0 0.185729
0 0.185654
0 0.185503
0 0.185202
0 0.185127
0 0.184825
0 0.18475
0 0.184599
0 0.184448
0 0.184373
0 0.184298
0 0.184147
0 0.184072
0 0.18362
0 0.182791
0 0.182715
0 0.18264
0 0.182188
0 0.182113
0 0.182037
0 0.181962
0 0.181736
0 0.181661
0 0.181585
0 0.181435
0 0.181133
0 0.181058
0 0.180983
0 0.180832
0 0.180681
0 0.180304
0 0.180154
0 0.179852
0 0.179551
0 0.178873
0 0.178797
0 0.178496
0 0.176838
0 0.175482
0 0.175256
0 0.175181
0 0.174653
0 0.174503
0 0.174201
0 0.173975
0 0.173674
0 0.173297
0 0.173222
0 0.172996
0 0.17292
0 0.172544
0 0.171715
0 0.171263
0 0.17066
0 0.170585
0 0.170509
0 0.170434
0 0.169907
0 0.169756
0 0.169681
0 0.16953
0 0.169379
0 0.168626
0 0.16855
0 0.168249
0 0.168174
0 0.168023
0 0.167872
0 0.167646
0 0.167495
0 0.167269
0 0.167194
0 0.167119
0 0.167043
0 0.16629
0 0.166215
0 0.166064
0 0.165989
0 0.165763
0 0.165536
0 0.163577
0 0.163502
0 0.163427
0 0.163276
0 0.161694
0 0.161618
0 0.161543
0 0.161468
0 0.161016
0 0.160413
0 0.160262
0 0.158529
0 0.158228
0 0.157851
0 0.1577
0 0.157625
0 0.157474
0 0.157399
0 0.157173
0 0.157098
0 0.156947
0 0.156796
0 0.15657
0 0.155892
0 0.155289
0 0.155063
0 0.154988
0 0.154461
0 0.154159
0 0.154084
0 0.154008
0 0.153858
0 0.153707
0 0.153632
0 0.153481
0 0.153406
0 0.150844
0 0.150769
0 0.150542
0 0.150467
0 0.150241
0 0.150166
0 0.149714
0 0.149412
0 0.148885
0 0.148508
0 0.147981
0 0.146022
0 0.145946
0 0.145796
0 0.144289
0 0.144063
0 0.143987
0 0.143535
0 0.143083
0 0.143008
0 0.142706
0 0.14248
0 0.14233
0 0.141953
0 0.141878
0 0.141727
0 0.141652
0 0.141501
0 0.141426
0 0.141124
0 0.141049
0 0.140823
0 0.138939
0 0.138336
0 0.13811
0 0.137884
0 0.137809
0 0.137357
0 0.137206
0 0.136603
0 0.134946
0 0.13374
0 0.13359
0 0.132007
0 0.131857
0 0.131178
0 0.130877
0 0.130802
0 0.130576
0 0.1305
0 0.130425
0 0.13035
0 0.130124
0 0.129747
0 0.129671
0 0.129596
0 0.129445
0 0.129295
0 0.129219
0 0.129144
0 0.128918
0 0.128617
0 0.128391
0 0.12824
0 0.128165
0 0.128089
0 0.128014
0 0.127336
0 0.126206
0 0.125829
0 0.125527
0 0.125301
0 0.124849
0 0.124548
0 0.124247
0 0.124171
0 0.12387
0 0.123794
0 0.123568
0 0.123267
0 0.122514
0 0.122288
0 0.122212
0 0.122137
0 0.121911
0 0.121835
0 0.121007
0 0.120931
0 0.120856
0 0.119575
0 0.119349
0 0.119274
0 0.119198
0 0.118596
0 0.118143
0 0.118068
0 0.116034
0 0.115883
0 0.115808
0 0.115732
0 0.115657
0 0.115582
0 0.115205
0 0.11513
0 0.115054
0 0.114979
0 0.114602
0 0.114527
0 0.113999
0 0.113698
0 0.113171
0 0.11302
0 0.112945
0 0.112869
0 0.112568
0 0.112116
0 0.11189
0 0.109931
0 0.109479
0 0.108725
0 0.10865
0 0.108574
0 0.108348
0 0.108273
0 0.108198
0 0.108122
0 0.10767
0 0.107369
0 0.107294
0 0.107143
0 0.107068
0 0.106917
0 0.106766
0 0.106691
0 0.10654
0 0.105937
0 0.105636
0 0.10541
0 0.105259
0 0.105184
0 0.105108
0 0.105033
0 0.104807
0 0.104732
0 0.104129
0 0.103903
0 0.1033
0 0.102923
0 0.102697
0 0.102547
0 0.102471
0 0.102245
0 0.101718
0 0.101643
0 0.101567
0 0.101266
0 0.10119
0 0.099759
0 0.099608
0 0.099458
0 0.099382
0 0.099307
0 0.099231
0 0.099081
0 0.098553
0 0.098327
0 0.098177
0 0.097951
0 0.097649
0 0.097348
0 0.097197
0 0.097122
0 0.097046
0 0.096896
0 0.09682
0 0.096745
0 0.09667
0 0.096444
0 0.096293
0 0.095766
0 0.095539
0 0.094108
0 0.093807
0 0.093505
0 0.093204
0 0.092827
0 0.092676
0 0.092601
0 0.092526
0 0.092375
0 0.0923
0 0.092224
0 0.092149
0 0.092074
0 0.091019
0 0.090943
0 0.090868
0 0.090717
0 0.090567
0 0.090491
0 0.09019
0 0.090115
0 0.090039
0 0.089738
0 0.089662
0 0.088909
0 0.088834
0 0.088683
0 0.088457
0 0.088306
0 0.08808
0 0.087929
0 0.087779
0 0.087628
0 0.087553
0 0.08597
0 0.08582
0 0.085744
0 0.085594
0 0.085518
0 0.085368
0 0.085217
0 0.085142
0 0.082655
0 0.082505
0 0.082354
0 0.082278
0 0.082128
0 0.081676
0 0.0816
0 0.080772
0 0.08047
0 0.079265
0 0.079114
0 0.079039
0 0.076552
0 0.076477
0 0.076401
0 0.076025
0 0.075799
0 0.075573
0 0.075497
0 0.075422
0 0.074518
0 0.073915
0 0.073764
0 0.073614
0 0.073463
0 0.073388
0 0.073312
0 0.073011
0 0.07173
0 0.071353
0 0.071278
0 0.071203
0 0.071127
0 0.071052
0 0.070901
0 0.0706
0 0.070524
0 0.070449
0 0.070374
0 0.070298
0 0.070148
0 0.069997
0 0.069696
0 0.069244
0 0.066983
0 0.066832
0 0.066606
0 0.066004
0 0.064497
0 0.063668
0 0.063593
0 0.063366
0 0.063065
0 0.062914
0 0.062839
0 0.062387
0 0.062236
0 0.062086
0 0.06201
0 0.061935
0 0.06186
0 0.061634
0 0.061558
0 0.061407
0 0.061332
0 0.061257
0 0.061181
0 0.060805
0 0.060654
0 0.060579
0 0.060503
0 0.060428
0 0.060353
0 0.059298
0 0.059222
0 0.05877
0 0.057565
0 0.057339
0 0.057037
0 0.055606
0 0.05553
0 0.05538
0 0.054551
0 0.054325
0 0.05425
0 0.054099
0 0.054024
0 0.053948
0 0.053797
0 0.053722
0 0.053647
0 0.053496
0 0.053421
0 0.053345
0 0.052969
0 0.052893
0 0.052818
0 0.052667
0 0.052064
0 0.051989
0 0.051914
0 0.051838
0 0.051688
0 0.051236
0 0.051085
0 0.05101
0 0.050859
0 0.048448
0 0.048297
0 0.046414
0 0.045961
0 0.045359
0 0.044002
0 0.043927
0 0.043852
0 0.04355
0 0.043475
0 0.0434
0 0.043324
0 0.043249
0 0.043098
0 0.043023
0 0.042948
0 0.042722
0 0.042646
0 0.042495
0 0.041893
0 0.041742
0 0.041667
0 0.041516
0 0.040838
0 0.040763
0 0.040612
0 0.040235
0 0.04016
0 0.040009
0 0.039934
0 0.039858
0 0.039406
0 0.039331
0 0.039105
0 0.037372
0 0.037297
0 0.037221
0 0.037146
0 0.036995
0 0.03692
0 0.036844
0 0.036769
0 0.036694
0 0.036618
0 0.036543
0 0.036392
0 0.036317
0 0.034283
0 0.034207
0 0.034132
0 0.034057
0 0.033981
0 0.033906
0 0.033755
0 0.03368
0 0.033605
0 0.033529
0 0.032474
0 0.032399
0 0.032173
0 0.032098
0 0.031872
0 0.031721
0 0.031646
0 0.03157
0 0.031344
0 0.031193
0 0.030591
0 0.03044
0 0.030365
0 0.030289
0 0.029988
0 0.029008
0 0.028858
0 0.028782
0 0.028707
0 0.028556
0 0.028481
0 0.028255
0 0.027351
0 0.027275
0 0.0272
0 0.027049
0 0.026899
0 0.026748
0 0.026522
0 0.026221
0 0.026145
0 0.02607
0 0.025995
0 0.025844
0 0.025618
0 0.025542
0 0.025467
0 0.025392
0 0.02509
0 0.024638
0 0.024488
0 0.024412
0 0.024262
0 0.023508
0 0.023357
0 0.023207
0 0.022905
0 0.02283
0 0.022604
0 0.022303
0 0.022077
0 0.022001
0 0.021926
0 0.021097
0 0.020871
0 0.02057
0 0.020344
0 0.019665
0 0.019364
0 0.019289
0 0.018686
0 0.018234
0 0.018008
0 0.017932
0 0.017782
0 0.017706
0 0.016652
0 0.016124
0 0.015898
0 0.013562
0 0.01085
0 0.010775
0 0.010398
0 0.010322
0 0.010247
0 0.010172
0 0.010096
0 0.010021
0 0.009795
0 0.00972
0 0.009644
0 0.009569
0 0.009494
0 0.009418
0 0.009042
0 0.008966
0 0.008514
0 0.008439
0 0.008288
0 0.008137
0 0.007459
0 0.007309
0 0.006178
0 0.006103
0 0.005952
0 0.005877
0 0.005802
0 0.0055
0 0.005425
0 0.00535
0 0.005274
0 0.004445
0 0.004144
0 0.003014
0 0.00226
0 0.002185
0 0.00211
0 0.001959
0 0.001884
0 0.001507
0 0.001432
0 0.000829
0 0.000753
0 0.000678
0 0.000075
0 0
