1 1
1 0.999406
0.9988 0.999406
0.9988 0.998812
0.997599 0.998812
0.995198 0.998812
0.993998 0.998812
0.992797 0.998812
0.991597 0.998812
0.990396 0.998812
0.987995 0.998812
0.986795 0.998812
0.985594 0.998812
0.984394 0.998812
0.983193 0.998812
0.981993 0.998812
0.981993 0.998219
0.980792 0.998219
0.979592 0.998219
0.979592 0.997625
0.978391 0.997625
0.977191 0.997625
0.97479 0.997031
0.97479 0.996437
0.973589 0.996437
0.972389 0.996437
0.971188 0.996437
0.969988 0.996437
0.968788 0.996437
0.968788 0.995843
0.967587 0.995843
0.966387 0.995843
0.965186 0.995843
0.965186 0.995249
0.963986 0.995249
0.962785 0.995249
0.961585 0.995249
0.959184 0.995249
0.957983 0.995249
0.956783 0.995249
0.956783 0.994656
0.955582 0.994656
0.954382 0.994656
0.953181 0.994656
0.953181 0.994062
0.951981 0.994062
0.95078 0.994062
0.94958 0.994062
0.94958 0.993468
0.948379 0.993468
0.947179 0.993468
0.945978 0.992874
0.944778 0.992874
0.943577 0.992874
0.942377 0.992874
0.942377 0.99228
0.941176 0.99228
0.939976 0.99228
0.939976 0.991686
0.938776 0.991686
0.937575 0.991686
0.935174 0.991093
0.933974 0.991093
0.932773 0.991093
0.931573 0.991093
0.930372 0.991093
0.929172 0.991093
0.927971 0.991093
0.926771 0.991093
0.92557 0.991093
0.92437 0.991093
0.923169 0.991093
0.921969 0.990499
0.921969 0.989905
0.918367 0.989311
0.917167 0.989311
0.915966 0.988717
0.914766 0.988717
0.913565 0.988717
0.911164 0.988717
0.909964 0.988717
0.908764 0.988717
0.908764 0.988124
0.908764 0.98753
0.907563 0.98753
0.906363 0.98753
0.905162 0.98753
0.903962 0.986936
0.902761 0.986936
0.901561 0.986936
0.89916 0.986342
0.897959 0.986342
0.896759 0.986342
0.895558 0.986342
0.894358 0.986342
0.893157 0.986342
0.891957 0.986342
0.890756 0.986342
0.888355 0.986342
0.887155 0.985748
0.885954 0.985748
0.884754 0.985748
0.884754 0.985154
0.883553 0.985154
0.882353 0.985154
0.882353 0.984561
0.881152 0.984561
0.879952 0.984561
0.879952 0.983967
0.879952 0.983373
0.878752 0.983373
0.876351 0.983373
0.87515 0.983373
0.87515 0.982779
0.87395 0.982779
0.872749 0.982779
0.872749 0.982185
0.872749 0.981591
0.871549 0.981591
0.870348 0.981591
0.869148 0.980998
0.869148 0.980404
0.869148 0.97981
0.867947 0.97981
0.867947 0.979216
0.867947 0.978622
0.866747 0.978622
0.865546 0.978622
0.864346 0.978622
0.863145 0.978622
0.861945 0.978622
0.860744 0.978622
0.860744 0.978029
0.860744 0.977435
0.859544 0.977435
0.859544 0.976841
0.859544 0.976247
0.859544 0.975653
0.858343 0.975653
0.858343 0.975059
0.857143 0.975059
0.855942 0.975059
0.854742 0.975059
0.854742 0.974466
0.853541 0.974466
0.853541 0.973872
0.85114 0.973872
0.84994 0.973872
0.84994 0.973278
0.84994 0.972684
0.848739 0.97209
0.847539 0.97209
0.846339 0.97209
0.845138 0.97209
0.843938 0.97209
0.841537 0.97209
0.840336 0.97209
0.839136 0.97209
0.837935 0.97209
0.837935 0.971496
0.836735 0.971496
0.836735 0.970903
0.835534 0.970903
0.835534 0.970309
0.833133 0.970309
0.831933 0.970309
0.830732 0.969715
0.829532 0.969715
0.827131 0.968527
0.827131 0.967933
0.82593 0.967933
0.82473 0.967933
0.82473 0.96734
0.82473 0.966746
0.823529 0.966746
0.822329 0.966746
0.822329 0.966152
0.822329 0.965558
0.821128 0.965558
0.821128 0.964964
0.819928 0.964964
0.818727 0.964964
0.817527 0.964964
0.816327 0.964371
0.816327 0.963777
0.816327 0.963183
0.815126 0.963183
0.813926 0.963183
0.811525 0.963183
0.811525 0.962589
0.810324 0.962589
0.807923 0.962589
0.805522 0.962589
0.804322 0.962589
0.804322 0.961995
0.803121 0.961995
0.79952 0.961995
0.798319 0.961995
0.797119 0.961995
0.795918 0.961995
0.795918 0.961401
0.795918 0.960214
0.795918 0.95962
0.793517 0.95962
0.792317 0.95962
0.791116 0.959026
0.789916 0.958432
0.789916 0.957838
0.787515 0.957245
0.787515 0.956651
0.786315 0.956651
0.785114 0.956651
0.783914 0.956651
0.782713 0.955463
0.781513 0.955463
0.780312 0.955463
0.779112 0.955463
0.777911 0.955463
0.776711 0.955463
0.77551 0.955463
0.77431 0.955463
0.77431 0.954869
0.773109 0.954276
0.771909 0.954276
0.770708 0.953682
0.769508 0.953682
0.767107 0.953682
0.764706 0.953682
0.763505 0.953682
0.762305 0.953682
0.761104 0.953682
0.759904 0.953682
0.756303 0.953682
0.756303 0.953088
0.756303 0.952494
0.755102 0.952494
0.755102 0.9519
0.755102 0.951306
0.755102 0.950713
0.752701 0.950713
0.751501 0.950713
0.7503 0.950713
0.7491 0.950713
0.747899 0.950713
0.746699 0.950713
0.745498 0.950713
0.744298 0.950713
0.744298 0.950119
0.743097 0.950119
0.741897 0.950119
0.740696 0.950119
0.739496 0.948931
0.738295 0.948337
0.738295 0.947743
0.738295 0.94715
0.737095 0.94715
0.737095 0.946556
0.735894 0.946556
0.734694 0.945368
0.733493 0.945368
0.732293 0.945368
0.731092 0.945368
0.729892 0.945368
0.728691 0.945368
0.727491 0.945368
0.726291 0.945368
0.72509 0.945368
0.72509 0.944774
0.72389 0.944774
0.72389 0.944181
0.722689 0.944181
0.721489 0.944181
0.721489 0.943587
0.720288 0.943587
0.719088 0.942993
0.715486 0.942993
0.714286 0.942993
0.711885 0.942993
0.710684 0.942993
0.710684 0.942399
0.710684 0.941805
0.709484 0.941805
0.707083 0.941211
0.707083 0.940618
0.704682 0.940618
0.704682 0.940024
0.703481 0.940024
0.702281 0.940024
0.70108 0.940024
0.70108 0.93943
0.69988 0.93943
0.698679 0.93943
0.696279 0.93943
0.693878 0.93943
0.692677 0.93943
0.691477 0.93943
0.691477 0.938836
0.689076 0.938836
0.689076 0.938242
0.687875 0.938242
0.686675 0.938242
0.686675 0.937648
0.685474 0.937648
0.684274 0.937648
0.684274 0.937055
0.684274 0.936461
0.684274 0.935867
0.683073 0.935867
0.683073 0.935273
0.683073 0.934679
0.680672 0.934679
0.680672 0.934086
0.679472 0.934086
0.679472 0.933492
0.678271 0.933492
0.678271 0.932898
0.678271 0.932304
0.677071 0.932304
0.67587 0.932304
0.67587 0.93171
0.67587 0.931116
0.67467 0.931116
0.673469 0.931116
0.673469 0.930523
0.672269 0.930523
0.671068 0.930523
0.669868 0.930523
0.668667 0.930523
0.667467 0.930523
0.667467 0.929929
0.666267 0.929929
0.665066 0.929929
0.663866 0.929929
0.662665 0.929929
0.661465 0.929929
0.660264 0.929929
0.660264 0.929335
0.659064 0.929335
0.659064 0.928741
0.657863 0.928741
0.656663 0.928741
0.655462 0.928741
0.654262 0.928741
0.653061 0.928741
0.651861 0.928741
0.651861 0.928147
0.651861 0.927553
0.651861 0.92696
0.65066 0.92696
0.64946 0.92696
0.648259 0.92696
0.647059 0.92696
0.645858 0.92696
0.645858 0.926366
0.644658 0.926366
0.643457 0.926366
0.643457 0.925772
0.642257 0.925772
0.642257 0.925178
0.641056 0.925178
0.641056 0.924584
0.641056 0.92399
0.641056 0.923397
0.638655 0.923397
0.638655 0.922209
0.637455 0.922209
0.636255 0.922209
0.635054 0.922209
0.635054 0.921615
0.633854 0.921615
0.632653 0.920428
0.631453 0.919834
0.631453 0.91924
0.629052 0.918646
0.629052 0.918052
0.629052 0.917458
0.627851 0.917458
0.627851 0.916865
0.627851 0.916271
0.626651 0.916271
0.62545 0.916271
0.62545 0.915677
0.62545 0.915083
0.62545 0.914489
0.62425 0.914489
0.62425 0.913895
0.623049 0.913895
0.621849 0.913895
0.620648 0.913895
0.619448 0.913895
0.618247 0.913895
0.617047 0.913895
0.617047 0.913302
0.617047 0.912708
0.617047 0.912114
0.615846 0.912114
0.615846 0.91152
0.615846 0.910926
0.615846 0.910333
0.615846 0.909739
0.615846 0.909145
0.614646 0.909145
0.613445 0.908551
0.612245 0.908551
0.611044 0.908551
0.611044 0.907957
0.609844 0.907363
0.609844 0.90677
0.609844 0.906176
0.608643 0.905582
0.608643 0.904988
0.608643 0.904394
0.606242 0.904394
0.606242 0.9038
0.605042 0.9038
0.603842 0.9038
0.603842 0.903207
0.602641 0.903207
0.602641 0.902613
0.601441 0.902613
0.59904 0.902613
0.597839 0.902613
0.596639 0.902613
0.595438 0.902613
0.594238 0.902613
0.594238 0.902019
0.591837 0.902019
0.591837 0.901425
0.590636 0.901425
0.588235 0.900831
0.587035 0.900831
0.585834 0.900831
0.584634 0.900831
0.584634 0.900238
0.583433 0.900238
0.582233 0.899644
0.582233 0.89905
0.581032 0.89905
0.579832 0.89905
0.578631 0.89905
0.578631 0.898456
0.57623 0.898456
0.57503 0.898456
0.57383 0.898456
0.572629 0.898456
0.571429 0.898456
0.571429 0.897862
0.571429 0.897268
0.571429 0.896675
0.571429 0.896081
0.570228 0.896081
0.569028 0.896081
0.569028 0.895487
0.567827 0.895487
0.567827 0.894893
0.567827 0.894299
0.566627 0.894299
0.566627 0.893705
0.565426 0.893705
0.564226 0.893705
0.564226 0.893112
0.564226 0.892518
0.563025 0.891924
0.561825 0.891924
0.560624 0.891924
0.559424 0.891924
0.557023 0.891924
0.555822 0.891924
0.554622 0.891924
0.553421 0.891924
0.553421 0.89133
0.552221 0.890143
0.552221 0.889549
0.552221 0.888361
0.552221 0.887767
0.55102 0.887767
0.54982 0.887767
0.548619 0.887767
0.547419 0.887767
0.547419 0.887173
0.546218 0.887173
0.545018 0.887173
0.545018 0.88658
0.545018 0.885986
0.543818 0.885986
0.542617 0.885392
0.542617 0.884798
0.542617 0.884204
0.541417 0.884204
0.541417 0.88361
0.541417 0.883017
0.540216 0.883017
0.540216 0.882423
0.537815 0.881829
0.537815 0.881235
0.537815 0.880641
0.536615 0.880048
0.535414 0.880048
0.534214 0.880048
0.534214 0.879454
0.534214 0.87886
0.533013 0.87886
0.531813 0.87886
0.530612 0.87886
0.530612 0.878266
0.530612 0.877672
0.530612 0.877078
0.530612 0.876485
0.529412 0.876485
0.528211 0.876485
0.528211 0.875891
0.527011 0.875891
0.52581 0.875891
0.52581 0.875297
0.523409 0.875297
0.522209 0.875297
0.521008 0.875297
0.519808 0.875297
0.519808 0.874703
0.519808 0.874109
0.518607 0.874109
0.518607 0.873515
0.518607 0.872922
0.518607 0.872328
0.517407 0.872328
0.516206 0.872328
0.516206 0.871734
0.516206 0.87114
0.516206 0.870546
0.515006 0.870546
0.515006 0.869952
0.513806 0.869952
0.513806 0.869359
0.511405 0.869359
0.510204 0.869359
0.509004 0.869359
0.509004 0.868765
0.509004 0.868171
0.507803 0.868171
0.506603 0.868171
0.505402 0.868171
0.504202 0.868171
0.504202 0.867577
0.504202 0.866983
0.504202 0.86639
0.503001 0.86639
0.503001 0.865796
0.501801 0.865796
0.501801 0.865202
0.501801 0.864608
0.5006 0.864608
0.4994 0.864608
0.498199 0.864608
0.498199 0.864014
0.498199 0.86342
0.496999 0.86342
0.495798 0.86342
0.495798 0.862827
0.494598 0.862827
0.493397 0.862827
0.493397 0.862233
0.492197 0.862233
0.490996 0.862233
0.489796 0.862233
0.488595 0.862233
0.488595 0.861639
0.487395 0.861639
0.486194 0.861639
0.483794 0.861639
0.482593 0.861639
0.482593 0.861045
0.482593 0.860451
0.482593 0.859857
0.481393 0.859857
0.480192 0.859857
0.480192 0.859264
0.477791 0.859264
0.476591 0.859264
0.47539 0.859264
0.47539 0.857482
0.47419 0.857482
0.47419 0.856888
0.472989 0.856888
0.472989 0.856295
0.472989 0.855107
0.471789 0.855107
0.471789 0.854513
0.469388 0.853919
0.469388 0.853325
0.468187 0.853325
0.468187 0.852732
0.466987 0.852732
0.466987 0.852138
0.465786 0.852138
0.465786 0.851544
0.465786 0.85095
0.465786 0.850356
0.465786 0.849762
0.465786 0.849169
0.465786 0.848575
0.462185 0.848575
0.460984 0.848575
0.459784 0.848575
0.458583 0.848575
0.457383 0.847387
0.457383 0.846793
0.456182 0.846793
0.454982 0.846793
0.451381 0.846793
0.451381 0.8462
0.451381 0.845606
0.45018 0.845606
0.44898 0.845012
0.447779 0.845012
0.447779 0.844418
0.447779 0.843824
0.447779 0.842637
0.446579 0.842637
0.446579 0.842043
0.446579 0.841449
0.446579 0.840855
0.445378 0.840855
0.444178 0.840855
0.442977 0.840855
0.439376 0.839074
0.438175 0.839074
0.438175 0.83848
0.436975 0.83848
0.435774 0.83848
0.433373 0.837886
0.433373 0.837292
0.433373 0.836698
0.433373 0.836105
0.433373 0.835511
0.432173 0.835511
0.429772 0.834917
0.429772 0.834323
0.428571 0.834323
0.427371 0.834323
0.42617 0.834323
0.42617 0.833729
0.42497 0.833729
0.42377 0.833729
0.42377 0.833135
0.42377 0.832542
0.422569 0.832542
0.422569 0.831948
0.422569 0.831354
0.422569 0.83076
0.422569 0.829572
0.421369 0.829572
0.421369 0.828979
0.421369 0.828385
0.420168 0.828385
0.418968 0.828385
0.417767 0.828385
0.416567 0.828385
0.415366 0.828385
0.414166 0.828385
0.412965 0.828385
0.410564 0.827791
0.409364 0.827791
0.408163 0.827791
0.408163 0.827197
0.408163 0.826603
0.408163 0.825416
0.406963 0.825416
0.406963 0.824822
0.406963 0.824228
0.406963 0.823634
0.405762 0.823634
0.405762 0.82304
0.404562 0.82304
0.404562 0.821853
0.403361 0.821259
0.40096 0.820665
0.39976 0.820665
0.398559 0.820665
0.397359 0.820665
0.396158 0.820665
0.394958 0.820665
0.393758 0.820071
0.392557 0.820071
0.392557 0.819477
0.392557 0.818884
0.392557 0.81829
0.391357 0.81829
0.391357 0.817696
0.390156 0.817696
0.388956 0.817696
0.387755 0.817696
0.387755 0.817102
0.384154 0.816508
0.384154 0.815914
0.384154 0.815321
0.382953 0.815321
0.380552 0.815321
0.380552 0.814727
0.379352 0.814727
0.379352 0.814133
0.376951 0.814133
0.376951 0.813539
0.37575 0.813539
0.37575 0.812945
0.37455 0.812945
0.373349 0.812945
0.373349 0.812352
0.373349 0.811758
0.372149 0.811758
0.370948 0.811758
0.369748 0.811758
0.369748 0.811164
0.369748 0.81057
0.368547 0.81057
0.368547 0.809976
0.368547 0.809382
0.368547 0.808789
0.367347 0.808789
0.367347 0.807601
0.366146 0.807601
0.364946 0.807601
0.364946 0.807007
0.363745 0.807007
0.363745 0.806413
0.362545 0.806413
0.360144 0.806413
0.360144 0.805819
0.358944 0.805819
0.357743 0.805819
0.356543 0.805819
0.355342 0.805226
0.355342 0.804632
0.355342 0.804038
0.354142 0.804038
0.354142 0.803444
0.354142 0.80285
0.352941 0.80285
0.351741 0.80285
0.35054 0.80285
0.34934 0.80285
0.34934 0.802257
0.34934 0.801663
0.348139 0.801663
0.346939 0.801663
0.345738 0.801663
0.345738 0.801069
0.345738 0.800475
0.343337 0.800475
0.342137 0.800475
0.340936 0.800475
0.339736 0.800475
0.338535 0.800475
0.338535 0.799881
0.338535 0.799287
0.338535 0.798694
0.337335 0.798694
0.337335 0.7981
0.337335 0.797506
0.337335 0.796912
0.337335 0.796318
0.336134 0.796318
0.336134 0.795724
0.334934 0.795724
0.334934 0.795131
0.334934 0.794537
0.333733 0.794537
0.332533 0.794537
0.331333 0.794537
0.331333 0.793943
0.330132 0.793943
0.330132 0.793349
0.328932 0.793349
0.327731 0.793349
0.327731 0.792755
0.327731 0.792162
0.326531 0.792162
0.326531 0.791568
0.326531 0.790974
0.326531 0.79038
0.326531 0.789786
0.326531 0.789192
0.32533 0.789192
0.32413 0.789192
0.32413 0.788599
0.322929 0.788005
0.321729 0.788005
0.320528 0.788005
0.319328 0.788005
0.319328 0.787411
0.319328 0.786817
0.318127 0.786817
0.318127 0.786223
0.316927 0.786223
0.316927 0.785629
0.315726 0.785629
0.315726 0.785036
0.315726 0.784442
0.315726 0.783848
0.315726 0.783254
0.315726 0.78266
0.315726 0.782067
0.314526 0.782067
0.313325 0.782067
0.313325 0.781473
0.313325 0.780879
0.313325 0.780285
0.312125 0.780285
0.310924 0.780285
0.309724 0.780285
0.308523 0.780285
0.307323 0.780285
0.306122 0.780285
0.304922 0.780285
0.304922 0.779691
0.304922 0.779097
0.304922 0.778504
0.303721 0.778504
0.303721 0.77791
0.302521 0.77791
0.302521 0.777316
0.301321 0.777316
0.30012 0.777316
0.30012 0.776722
0.30012 0.776128
0.29892 0.776128
0.29892 0.775534
0.29892 0.774941
0.297719 0.774941
0.297719 0.774347
0.297719 0.773753
0.296519 0.773753
0.295318 0.773753
0.294118 0.773753
0.291717 0.773753
0.291717 0.773159
0.291717 0.772565
0.291717 0.771378
0.290516 0.771378
0.290516 0.770784
0.289316 0.770784
0.289316 0.77019
0.288115 0.77019
0.286915 0.77019
0.286915 0.769596
0.286915 0.769002
0.285714 0.769002
0.284514 0.769002
0.283313 0.769002
0.282113 0.769002
0.280912 0.769002
0.279712 0.769002
0.279712 0.768409
0.279712 0.767815
0.279712 0.767221
0.279712 0.766627
0.279712 0.766033
0.279712 0.765439
0.278511 0.765439
0.277311 0.765439
0.277311 0.764846
0.277311 0.764252
0.277311 0.763658
0.27611 0.763658
0.27611 0.763064
0.27611 0.76247
0.27611 0.761876
0.27611 0.761283
0.27611 0.760689
0.27611 0.760095
0.27611 0.759501
0.27611 0.758907
0.27611 0.758314
0.27491 0.758314
0.27491 0.75772
0.27491 0.757126
0.27491 0.756532
0.27491 0.755938
0.273709 0.755938
0.273709 0.755344
0.272509 0.755344
0.271309 0.755344
0.271309 0.754751
0.270108 0.754157
0.268908 0.754157
0.267707 0.754157
0.267707 0.753563
0.267707 0.752969
0.267707 0.752375
0.267707 0.751188
0.267707 0.750594
0.267707 0.75
0.267707 0.749406
0.266507 0.749406
0.266507 0.748812
0.266507 0.748219
0.266507 0.747625
0.266507 0.747031
0.266507 0.746437
0.266507 0.745843
0.265306 0.745843
0.265306 0.745249
0.265306 0.744656
0.264106 0.744656
0.262905 0.744656
0.262905 0.744062
0.262905 0.743468
0.261705 0.743468
0.260504 0.743468
0.259304 0.743468
0.259304 0.742874
0.258103 0.742874
0.256903 0.742874
0.255702 0.742874
0.254502 0.742874
0.254502 0.74228
0.254502 0.741686
0.254502 0.741093
0.254502 0.740499
0.254502 0.739905
0.254502 0.739311
0.254502 0.738717
0.253301 0.738717
0.252101 0.738717
0.252101 0.738124
0.2509 0.738124
0.2497 0.738124
0.248499 0.738124
0.248499 0.73753
0.247299 0.73753
0.247299 0.736936
0.246098 0.736936
0.244898 0.736936
0.244898 0.736342
0.244898 0.735748
0.243697 0.735748
0.243697 0.735154
0.243697 0.734561
0.243697 0.733967
0.243697 0.733373
0.242497 0.733373
0.242497 0.732779
0.242497 0.732185
0.242497 0.731591
0.242497 0.730998
0.241297 0.730998
0.240096 0.730998
0.240096 0.730404
0.238896 0.730404
0.238896 0.72981
0.237695 0.72981
0.237695 0.729216
0.236495 0.729216
0.236495 0.728029
0.236495 0.727435
0.235294 0.727435
0.235294 0.726841
0.235294 0.726247
0.234094 0.726247
0.232893 0.725653
0.232893 0.725059
0.232893 0.723872
0.232893 0.723278
0.231693 0.723278
0.231693 0.72209
0.231693 0.721496
0.230492 0.721496
0.230492 0.720903
0.229292 0.720903
0.229292 0.720309
0.228091 0.720309
0.228091 0.719715
0.228091 0.719121
0.228091 0.718527
0.228091 0.717933
0.228091 0.71734
0.228091 0.716746
0.226891 0.716746
0.226891 0.716152
0.226891 0.715558
0.226891 0.714964
0.226891 0.714371
0.226891 0.713777
0.226891 0.713183
0.226891 0.712589
0.22569 0.712589
0.22449 0.712589
0.22449 0.711995
0.22449 0.710214
0.22449 0.70962
0.22449 0.709026
0.22449 0.708432
0.22449 0.707838
0.22449 0.707245
0.223289 0.707245
0.223289 0.706651
0.223289 0.706057
0.223289 0.705463
0.222089 0.705463
0.222089 0.704869
0.220888 0.704869
0.220888 0.703682
0.220888 0.703088
0.220888 0.702494
0.220888 0.7019
0.219688 0.7019
0.218487 0.7019
0.218487 0.701306
0.218487 0.700713
0.217287 0.700713
0.216086 0.700713
0.216086 0.700119
0.216086 0.699525
0.214886 0.699525
0.213685 0.699525
0.212485 0.699525
0.211285 0.698931
0.211285 0.698337
0.211285 0.69715
0.210084 0.69715
0.210084 0.696556
0.210084 0.695962
0.208884 0.695368
0.208884 0.694774
0.207683 0.694181
0.206483 0.694181
0.206483 0.693587
0.205282 0.693587
0.205282 0.692993
0.204082 0.692993
0.202881 0.692993
0.202881 0.692399
0.202881 0.691211
0.201681 0.691211
0.201681 0.690618
0.201681 0.690024
0.201681 0.68943
0.201681 0.688836
0.20048 0.688836
0.19928 0.688836
0.19928 0.688242
0.198079 0.688242
0.198079 0.687648
0.198079 0.687055
0.198079 0.686461
0.198079 0.685867
0.198079 0.685273
0.196879 0.684679
0.196879 0.684086
0.196879 0.683492
0.195678 0.683492
0.194478 0.683492
0.194478 0.682304
0.194478 0.68171
0.193277 0.68171
0.193277 0.681116
0.193277 0.680523
0.193277 0.679929
0.193277 0.679335
0.192077 0.679335
0.192077 0.678741
0.192077 0.678147
0.192077 0.677553
0.190876 0.67696
0.189676 0.67696
0.189676 0.676366
0.189676 0.675772
0.188475 0.675772
0.187275 0.675772
0.186074 0.675772
0.184874 0.675772
0.184874 0.675178
0.184874 0.673397
0.184874 0.672803
0.184874 0.671615
0.184874 0.671021
0.184874 0.670428
0.183673 0.670428
0.183673 0.669834
0.182473 0.669834
0.182473 0.66924
0.181273 0.66924
0.180072 0.66924
0.178872 0.66924
0.178872 0.668646
0.178872 0.668052
0.177671 0.668052
0.177671 0.667458
0.176471 0.666865
0.176471 0.666271
0.17527 0.666271
0.17527 0.665677
0.17527 0.665083
0.17407 0.663302
0.17407 0.662708
0.172869 0.662708
0.172869 0.662114
0.171669 0.662114
0.171669 0.66152
0.171669 0.660926
0.171669 0.660333
0.170468 0.660333
0.170468 0.659739
0.170468 0.659145
0.169268 0.659145
0.168067 0.659145
0.168067 0.658551
0.166867 0.658551
0.166867 0.657957
0.166867 0.657363
0.166867 0.65677
0.165666 0.656176
0.165666 0.655582
0.164466 0.654394
0.163265 0.654394
0.163265 0.653207
0.163265 0.652613
0.162065 0.652613
0.162065 0.652019
0.162065 0.651425
0.162065 0.650831
0.162065 0.650238
0.160864 0.650238
0.159664 0.648456
0.158463 0.648456
0.157263 0.648456
0.157263 0.647862
0.157263 0.646675
0.157263 0.646081
0.157263 0.645487
0.157263 0.644893
0.157263 0.644299
0.157263 0.643705
0.157263 0.643112
0.157263 0.642518
0.156062 0.64133
0.153661 0.639549
0.153661 0.638955
0.152461 0.638955
0.152461 0.638361
0.152461 0.637767
0.152461 0.637173
0.152461 0.63658
0.152461 0.635986
0.152461 0.635392
0.152461 0.634204
0.152461 0.63361
0.152461 0.633017
0.152461 0.632423
0.151261 0.632423
0.15006 0.632423
0.15006 0.631829
0.15006 0.631235
0.15006 0.630641
0.15006 0.629454
0.15006 0.62886
0.15006 0.628266
0.15006 0.627672
0.15006 0.627078
0.15006 0.626485
0.14886 0.626485
0.147659 0.625891
0.147659 0.625297
0.147659 0.624703
0.147659 0.623515
0.145258 0.622922
0.145258 0.621734
0.145258 0.620546
0.145258 0.619359
0.144058 0.619359
0.144058 0.618765
0.144058 0.617577
0.142857 0.617577
0.142857 0.616983
0.142857 0.61639
0.142857 0.615796
0.142857 0.615202
0.142857 0.612827
0.142857 0.612233
0.142857 0.611639
0.142857 0.611045
0.141657 0.611045
0.140456 0.611045
0.140456 0.610451
0.140456 0.609857
0.139256 0.609264
0.138055 0.609264
0.136855 0.60867
0.136855 0.608076
0.135654 0.607482
0.134454 0.607482
0.134454 0.606888
0.133253 0.606888
0.133253 0.606295
0.133253 0.605701
0.133253 0.605107
0.133253 0.604513
0.133253 0.603919
0.133253 0.603325
0.133253 0.602732
0.133253 0.602138
0.133253 0.601544
0.133253 0.60095
0.132053 0.60095
0.130852 0.60095
0.130852 0.600356
0.129652 0.600356
0.128451 0.599762
0.127251 0.599762
0.127251 0.599169
0.12605 0.597387
0.12605 0.596793
0.12605 0.5962
0.12485 0.5962
0.12485 0.595606
0.123649 0.595606
0.123649 0.595012
0.123649 0.594418
0.123649 0.593824
0.123649 0.59323
0.123649 0.592637
0.123649 0.592043
0.123649 0.590855
0.123649 0.590261
0.123649 0.589667
0.123649 0.589074
0.123649 0.58848
0.123649 0.587886
0.123649 0.587292
0.123649 0.586698
0.123649 0.586105
0.122449 0.586105
0.121248 0.586105
0.121248 0.585511
0.120048 0.585511
0.118848 0.585511
0.118848 0.584917
0.117647 0.584323
0.115246 0.584323
0.115246 0.583729
0.115246 0.583135
0.114046 0.583135
0.114046 0.582542
0.114046 0.581948
0.114046 0.581354
0.114046 0.58076
0.112845 0.579572
0.111645 0.579572
0.111645 0.578979
0.110444 0.578979
0.110444 0.578385
0.110444 0.577791
0.109244 0.577791
0.109244 0.577197
0.109244 0.576603
0.109244 0.57601
0.109244 0.575416
0.109244 0.574822
0.109244 0.574228
0.108043 0.574228
0.108043 0.573634
0.108043 0.57304
0.108043 0.572447
0.106843 0.572447
0.106843 0.571853
0.106843 0.571259
0.105642 0.571259
0.105642 0.570071
0.104442 0.570071
0.104442 0.569477
0.104442 0.568884
0.104442 0.56829
0.103241 0.56829
0.103241 0.567696
0.10084 0.566508
0.09964 0.566508
0.09964 0.565914
0.098439 0.565321
0.097239 0.564727
0.097239 0.564133
0.097239 0.563539
0.097239 0.562945
0.097239 0.562352
0.097239 0.561758
0.096038 0.561758
0.096038 0.561164
0.094838 0.561164
0.094838 0.56057
0.094838 0.559976
0.094838 0.559382
0.094838 0.558789
0.094838 0.558195
0.094838 0.557601
0.094838 0.557007
0.094838 0.556413
0.094838 0.555819
0.094838 0.555226
0.094838 0.554632
0.094838 0.554038
0.094838 0.553444
0.094838 0.55285
0.094838 0.552257
0.093637 0.552257
0.093637 0.551663
0.092437 0.551663
0.092437 0.550475
0.091236 0.550475
0.090036 0.550475
0.090036 0.549881
0.088836 0.549881
0.088836 0.549287
0.088836 0.548694
0.088836 0.5481
0.087635 0.5481
0.087635 0.547506
0.087635 0.546912
0.085234 0.546318
0.084034 0.546318
0.084034 0.545724
0.084034 0.545131
0.084034 0.544537
0.084034 0.543943
0.084034 0.543349
0.084034 0.542755
0.084034 0.542162
0.084034 0.541568
0.084034 0.540974
0.084034 0.54038
0.084034 0.539786
0.084034 0.539192
0.082833 0.538599
0.082833 0.538005
0.082833 0.537411
0.082833 0.535036
0.081633 0.535036
0.081633 0.534442
0.081633 0.533848
0.081633 0.533254
0.081633 0.53266
0.081633 0.532067
0.081633 0.531473
0.081633 0.530879
0.081633 0.530285
0.081633 0.529097
0.081633 0.528504
0.081633 0.52791
0.081633 0.527316
0.081633 0.526722
0.080432 0.526722
0.080432 0.526128
0.080432 0.525534
0.079232 0.525534
0.078031 0.525534
0.076831 0.525534
0.076831 0.524347
0.076831 0.523753
0.076831 0.523159
0.076831 0.522565
0.07563 0.522565
0.07563 0.521971
0.07563 0.521378
0.07563 0.520784
0.07563 0.52019
0.07563 0.519596
0.07563 0.519002
0.07443 0.519002
0.07443 0.518409
0.073229 0.518409
0.072029 0.518409
0.072029 0.517815
0.072029 0.517221
0.070828 0.517221
0.070828 0.516033
0.070828 0.515439
0.069628 0.515439
0.069628 0.514252
0.068427 0.514252
0.068427 0.513658
0.068427 0.513064
0.068427 0.51247
0.068427 0.511876
0.068427 0.511283
0.068427 0.510689
0.068427 0.510095
0.068427 0.509501
0.068427 0.508907
0.068427 0.508314
0.067227 0.507126
0.067227 0.506532
0.067227 0.505938
0.067227 0.505344
0.067227 0.504751
0.067227 0.504157
0.067227 0.502969
0.067227 0.502375
0.067227 0.501781
0.066026 0.501781
0.066026 0.501188
0.066026 0.500594
0.066026 0.5
0.066026 0.498812
0.064826 0.498812
0.064826 0.498219
0.064826 0.497625
0.064826 0.497031
0.064826 0.496437
0.064826 0.495843
0.064826 0.494656
0.064826 0.494062
0.064826 0.493468
0.064826 0.492874
0.063625 0.492874
0.063625 0.49228
0.063625 0.491686
0.063625 0.491093
0.063625 0.490499
0.063625 0.489905
0.063625 0.489311
0.062425 0.489311
0.062425 0.488717
0.062425 0.488124
0.061224 0.488124
0.061224 0.48753
0.060024 0.48753
0.060024 0.486936
0.060024 0.486342
0.060024 0.485748
0.058824 0.485748
0.058824 0.485154
0.058824 0.484561
0.058824 0.483967
0.058824 0.483373
0.058824 0.482779
0.058824 0.482185
0.058824 0.481591
0.057623 0.481591
0.057623 0.480998
0.057623 0.480404
0.057623 0.47981
0.057623 0.479216
0.057623 0.478622
0.057623 0.478029
0.057623 0.477435
0.057623 0.476841
0.057623 0.476247
0.057623 0.475653
0.057623 0.475059
0.057623 0.474466
0.056423 0.474466
0.056423 0.473872
0.056423 0.473278
0.056423 0.472684
0.056423 0.47209
0.056423 0.471496
0.056423 0.470903
0.056423 0.470309
0.055222 0.470309
0.055222 0.469715
0.055222 0.469121
0.055222 0.467933
0.055222 0.46734
0.055222 0.466746
0.055222 0.466152
0.055222 0.465558
0.055222 0.464964
0.055222 0.464371
0.055222 0.463777
0.054022 0.463777
0.054022 0.463183
0.054022 0.462589
0.052821 0.462589
0.051621 0.462589
0.051621 0.461995
0.05042 0.461995
0.05042 0.461401
0.05042 0.460808
0.05042 0.460214
0.04922 0.460214
0.048019 0.460214
0.048019 0.45962
0.046819 0.45962
0.046819 0.459026
0.046819 0.457838
0.046819 0.457245
0.046819 0.456651
0.046819 0.456057
0.046819 0.455463
0.046819 0.454869
0.046819 0.454276
0.046819 0.453682
0.045618 0.453682
0.045618 0.453088
0.045618 0.452494
0.045618 0.4519
0.045618 0.451306
0.045618 0.450713
0.045618 0.450119
0.045618 0.449525
0.045618 0.448931
0.045618 0.448337
0.044418 0.448337
0.044418 0.447743
0.044418 0.44715
0.044418 0.446556
0.044418 0.445962
0.044418 0.445368
0.044418 0.444774
0.044418 0.444181
0.044418 0.443587
0.044418 0.442993
0.044418 0.442399
0.043217 0.442399
0.043217 0.441805
0.043217 0.441211
0.043217 0.440618
0.043217 0.440024
0.043217 0.43943
0.043217 0.438836
0.043217 0.438242
0.043217 0.437648
0.043217 0.437055
0.043217 0.436461
0.043217 0.435867
0.043217 0.435273
0.043217 0.434679
0.043217 0.434086
0.042017 0.434086
0.042017 0.433492
0.042017 0.432898
0.042017 0.432304
0.042017 0.43171
0.042017 0.431116
0.042017 0.430523
0.042017 0.429929
0.042017 0.429335
0.042017 0.428741
0.042017 0.428147
0.042017 0.427553
0.042017 0.42696
0.042017 0.426366
0.042017 0.425772
0.042017 0.425178
0.040816 0.424584
0.039616 0.42399
0.039616 0.423397
0.039616 0.422803
0.038415 0.422803
0.038415 0.422209
0.037215 0.422209
0.037215 0.421615
0.037215 0.421021
0.037215 0.420428
0.037215 0.419834
0.037215 0.41924
0.037215 0.418646
0.037215 0.418052
0.037215 0.417458
0.037215 0.416865
0.037215 0.416271
0.037215 0.415677
0.037215 0.415083
0.037215 0.414489
0.037215 0.413895
0.037215 0.413302
0.037215 0.412708
0.037215 0.412114
0.037215 0.41152
0.037215 0.410926
0.037215 0.410333
0.037215 0.409739
0.037215 0.409145
0.037215 0.408551
0.037215 0.407957
0.036014 0.407957
0.036014 0.407363
0.036014 0.40677
0.036014 0.406176
0.036014 0.405582
0.036014 0.404988
0.036014 0.404394
0.036014 0.4038
0.036014 0.403207
0.036014 0.402613
0.036014 0.402019
0.036014 0.401425
0.036014 0.400831
0.036014 0.400238
0.034814 0.400238
0.034814 0.399644
0.033613 0.399644
0.033613 0.39905
0.033613 0.398456
0.033613 0.397862
0.032413 0.397862
0.032413 0.397268
0.032413 0.396675
0.032413 0.396081
0.032413 0.395487
0.032413 0.394893
0.032413 0.394299
0.032413 0.393705
0.032413 0.393112
0.031212 0.393112
0.031212 0.392518
0.031212 0.391924
0.031212 0.39133
0.031212 0.390736
0.031212 0.390143
0.031212 0.389549
0.031212 0.388955
0.031212 0.388361
0.031212 0.387767
0.031212 0.387173
0.031212 0.38658
0.031212 0.385986
0.031212 0.385392
0.030012 0.385392
0.030012 0.384798
0.028812 0.384798
0.028812 0.384204
0.028812 0.38361
0.028812 0.383017
0.028812 0.382423
0.028812 0.381829
0.027611 0.381829
0.027611 0.381235
0.026411 0.381235
0.026411 0.380641
0.026411 0.380048
0.026411 0.379454
0.026411 0.37886
0.026411 0.378266
0.026411 0.377672
0.026411 0.377078
0.026411 0.376485
0.026411 0.375891
0.02521 0.375891
0.02521 0.375297
0.02521 0.374703
0.02521 0.374109
0.02521 0.373515
0.02521 0.372922
0.02521 0.372328
0.02521 0.371734
0.02521 0.37114
0.02521 0.370546
0.02521 0.369952
0.02521 0.369359
0.02401 0.369359
0.022809 0.369359
0.021609 0.369359
0.021609 0.368765
0.020408 0.368765
0.020408 0.368171
0.020408 0.367577
0.020408 0.366983
0.020408 0.36639
0.020408 0.365796
0.020408 0.365202
0.020408 0.364608
0.020408 0.364014
0.020408 0.36342
0.020408 0.362827
0.020408 0.362233
0.020408 0.361639
0.020408 0.361045
0.020408 0.360451
0.020408 0.359857
0.020408 0.359264
0.020408 0.35867
0.020408 0.358076
0.019208 0.358076
0.019208 0.357482
0.019208 0.356888
0.019208 0.356295
0.019208 0.355701
0.019208 0.355107
0.019208 0.354513
0.019208 0.353919
0.019208 0.353325
0.019208 0.352732
0.019208 0.352138
0.019208 0.351544
0.019208 0.35095
0.019208 0.350356
0.018007 0.350356
0.018007 0.349762
0.018007 0.349169
0.018007 0.348575
0.018007 0.347981
0.018007 0.347387
0.018007 0.346793
0.018007 0.3462
0.018007 0.345606
0.018007 0.345012
0.018007 0.344418
0.018007 0.34323
0.018007 0.342637
0.018007 0.341449
0.018007 0.340855
0.018007 0.340261
0.018007 0.339667
0.018007 0.339074
0.018007 0.337886
0.018007 0.336698
0.016807 0.336698
0.016807 0.336105
0.016807 0.335511
0.016807 0.334917
0.016807 0.333729
0.016807 0.333135
0.016807 0.332542
0.015606 0.332542
0.015606 0.331948
0.015606 0.331354
0.015606 0.33076
0.015606 0.330166
0.015606 0.328979
0.015606 0.328385
0.015606 0.327791
0.015606 0.327197
0.015606 0.326603
0.015606 0.32601
0.015606 0.325416
0.015606 0.324822
0.015606 0.324228
0.015606 0.323634
0.014406 0.32304
0.014406 0.321259
0.013205 0.321259
0.013205 0.320665
0.013205 0.320071
0.013205 0.319477
0.013205 0.318884
0.013205 0.31829
0.013205 0.317696
0.013205 0.317102
0.013205 0.316508
0.013205 0.315914
0.013205 0.314727
0.013205 0.314133
0.013205 0.313539
0.013205 0.312945
0.013205 0.312352
0.013205 0.311758
0.013205 0.311164
0.013205 0.31057
0.013205 0.309976
0.013205 0.309382
0.013205 0.308789
0.013205 0.308195
0.013205 0.307601
0.013205 0.307007
0.013205 0.306413
0.013205 0.305819
0.013205 0.305226
0.013205 0.304038
0.013205 0.303444
0.013205 0.30285
0.013205 0.302257
0.013205 0.301663
0.013205 0.300475
0.013205 0.299881
0.013205 0.299287
0.013205 0.297506
0.013205 0.296318
0.013205 0.295724
0.013205 0.295131
0.013205 0.294537
0.013205 0.293943
0.013205 0.293349
0.012005 0.292755
0.010804 0.292755
0.010804 0.292162
0.010804 0.291568
0.010804 0.290974
0.010804 0.289786
0.010804 0.289192
0.010804 0.288005
0.010804 0.287411
0.010804 0.286817
0.010804 0.286223
0.010804 0.285629
0.010804 0.285036
0.010804 0.284442
0.010804 0.283848
0.010804 0.283254
0.010804 0.28266
0.010804 0.281473
0.010804 0.280879
0.010804 0.280285
0.010804 0.279691
0.010804 0.279097
0.010804 0.278504
0.010804 0.27791
0.010804 0.277316
0.009604 0.276722
0.009604 0.276128
0.009604 0.275534
0.009604 0.274941
0.009604 0.274347
0.009604 0.273753
0.009604 0.273159
0.009604 0.272565
0.009604 0.271971
0.009604 0.271378
0.009604 0.270784
0.009604 0.27019
0.009604 0.269596
0.009604 0.269002
0.009604 0.268409
0.009604 0.267221
0.009604 0.266627
0.009604 0.266033
0.009604 0.265439
0.009604 0.264846
0.009604 0.264252
0.009604 0.263658
0.009604 0.263064
0.009604 0.26247
0.009604 0.261876
0.009604 0.261283
0.009604 0.260689
0.009604 0.260095
0.009604 0.259501
0.009604 0.258907
0.009604 0.258314
0.009604 0.25772
0.009604 0.257126
0.009604 0.256532
0.009604 0.255938
0.009604 0.255344
0.009604 0.254751
0.009604 0.254157
0.009604 0.253563
0.009604 0.252969
0.009604 0.252375
0.009604 0.251781
0.009604 0.251188
0.009604 0.250594
0.009604 0.25
0.009604 0.249406
0.009604 0.248812
0.009604 0.247625
0.009604 0.247031
0.009604 0.246437
0.009604 0.245843
0.009604 0.245249
0.009604 0.244656
0.009604 0.244062
0.009604 0.243468
0.009604 0.242874
0.009604 0.24228
0.009604 0.241686
0.009604 0.241093
0.009604 0.240499
0.009604 0.239905
0.009604 0.239311
0.009604 0.238717
0.009604 0.238124
0.009604 0.23753
0.009604 0.236936
0.009604 0.236342
0.009604 0.235748
0.009604 0.235154
0.009604 0.234561
0.009604 0.233967
0.009604 0.233373
0.009604 0.232779
0.009604 0.232185
0.009604 0.231591
0.009604 0.230998
0.009604 0.230404
0.009604 0.22981
0.009604 0.229216
0.009604 0.228029
0.009604 0.227435
0.009604 0.226841
0.009604 0.226247
0.009604 0.225653
0.009604 0.225059
0.009604 0.224466
0.009604 0.223872
0.009604 0.223278
0.009604 0.222684
0.009604 0.22209
0.008403 0.22209
0.008403 0.221496
0.007203 0.221496
0.007203 0.220903
0.007203 0.220309
0.007203 0.219715
0.007203 0.219121
0.007203 0.218527
0.007203 0.217933
0.007203 0.21734
0.007203 0.216746
0.007203 0.216152
0.007203 0.215558
0.007203 0.214964
0.007203 0.214371
0.007203 0.213777
0.007203 0.213183
0.007203 0.212589
0.007203 0.211995
0.007203 0.211401
0.007203 0.210808
0.007203 0.210214
0.007203 0.20962
0.007203 0.209026
0.007203 0.208432
0.007203 0.207838
0.007203 0.207245
0.007203 0.206651
0.007203 0.206057
0.007203 0.205463
0.007203 0.204869
0.007203 0.204276
0.007203 0.203682
0.007203 0.203088
0.007203 0.202494
0.007203 0.2019
0.007203 0.201306
0.007203 0.200713
0.007203 0.200119
0.007203 0.199525
0.007203 0.198931
0.007203 0.198337
0.007203 0.197743
0.007203 0.19715
0.007203 0.196556
0.007203 0.195962
0.007203 0.195368
0.007203 0.194774
0.007203 0.194181
0.007203 0.193587
0.007203 0.192993
0.007203 0.192399
0.007203 0.191805
0.007203 0.191211
0.007203 0.190618
0.007203 0.190024
0.007203 0.18943
0.007203 0.188242
0.007203 0.187648
0.007203 0.187055
0.007203 0.186461
0.007203 0.185867
0.007203 0.185273
0.007203 0.184679
0.007203 0.184086
0.007203 0.183492
0.007203 0.182898
0.007203 0.182304
0.007203 0.18171
0.007203 0.181116
0.007203 0.180523
0.007203 0.179335
0.007203 0.178741
0.007203 0.178147
0.006002 0.178147
0.006002 0.177553
0.006002 0.17696
0.006002 0.176366
0.006002 0.175772
0.006002 0.175178
0.006002 0.174584
0.006002 0.17399
0.006002 0.173397
0.006002 0.172803
0.006002 0.172209
0.006002 0.171615
0.006002 0.171021
0.006002 0.169834
0.006002 0.16924
0.006002 0.168646
0.006002 0.168052
0.006002 0.167458
0.006002 0.166865
0.006002 0.166271
0.006002 0.165677
0.006002 0.165083
0.006002 0.164489
0.006002 0.163895
0.006002 0.163302
0.006002 0.162708
0.006002 0.162114
0.006002 0.160926
0.006002 0.160333
0.006002 0.159739
0.006002 0.159145
0.006002 0.158551
0.006002 0.157957
0.006002 0.157363
0.006002 0.15677
0.006002 0.156176
0.006002 0.155582
0.006002 0.154988
0.006002 0.154394
0.006002 0.1538
0.006002 0.153207
0.006002 0.152613
0.006002 0.152019
0.006002 0.151425
0.006002 0.150831
0.006002 0.150238
0.006002 0.149644
0.006002 0.14905
0.006002 0.148456
0.006002 0.147862
0.006002 0.147268
0.006002 0.146675
0.006002 0.146081
0.006002 0.145487
0.006002 0.144893
0.006002 0.144299
0.006002 0.143705
0.006002 0.143112
0.006002 0.142518
0.006002 0.141924
0.006002 0.14133
0.006002 0.140736
0.006002 0.139549
0.006002 0.138955
0.006002 0.138361
0.006002 0.137767
0.006002 0.137173
0.006002 0.13658
0.006002 0.135392
0.006002 0.134798
0.006002 0.134204
0.006002 0.13361
0.006002 0.133017
0.006002 0.132423
0.006002 0.131829
0.006002 0.131235
0.006002 0.130641
0.006002 0.130048
0.006002 0.129454
0.006002 0.12886
0.006002 0.128266
0.006002 0.127672
0.006002 0.127078
0.006002 0.126485
0.006002 0.125891
0.006002 0.125297
0.006002 0.124703
0.006002 0.124109
0.006002 0.122922
0.006002 0.122328
0.006002 0.121734
0.006002 0.12114
0.006002 0.120546
0.006002 0.119952
0.006002 0.119359
0.006002 0.118765
0.006002 0.118171
0.006002 0.117577
0.006002 0.116983
0.006002 0.11639
0.006002 0.115796
0.006002 0.115202
0.006002 0.114608
0.006002 0.114014
0.006002 0.11342
0.006002 0.112827
0.006002 0.112233
0.006002 0.111639
0.006002 0.111045
0.006002 0.110451
0.006002 0.109857
0.006002 0.109264
0.006002 0.10867
0.006002 0.108076
0.006002 0.107482
0.006002 0.106888
0.006002 0.106295
0.006002 0.105701
0.006002 0.105107
0.006002 0.104513
0.006002 0.103919
0.006002 0.103325
0.006002 0.102732
0.006002 0.102138
0.006002 0.101544
0.006002 0.10095
0.006002 0.100356
0.006002 0.099762
0.006002 0.099169
0.006002 0.098575
0.006002 0.097981
0.006002 0.097387
0.006002 0.096793
0.006002 0.0962
0.006002 0.095606
0.006002 0.095012
0.006002 0.094418
0.006002 0.093824
0.006002 0.09323
0.006002 0.092637
0.006002 0.092043
0.006002 0.091449
0.006002 0.090855
0.006002 0.090261
0.006002 0.089667
0.006002 0.089074
0.006002 0.08848
0.006002 0.087886
0.006002 0.087292
0.006002 0.086698
0.006002 0.086105
0.006002 0.085511
0.006002 0.084917
0.006002 0.084323
0.006002 0.083729
0.006002 0.083135
0.006002 0.082542
0.006002 0.081948
0.006002 0.081354
0.006002 0.08076
0.006002 0.080166
0.006002 0.079572
0.006002 0.078979
0.006002 0.078385
0.006002 0.077791
0.006002 0.077197
0.006002 0.076603
0.006002 0.07601
0.006002 0.075416
0.006002 0.074822
0.006002 0.074228
0.006002 0.073634
0.006002 0.07304
0.006002 0.072447
0.006002 0.071853
0.006002 0.071259
0.006002 0.070665
0.006002 0.070071
0.006002 0.069477
0.006002 0.068884
0.006002 0.06829
0.006002 0.067696
0.006002 0.067102
0.006002 0.066508
0.006002 0.065914
0.006002 0.065321
0.006002 0.064727
0.006002 0.064133
0.006002 0.063539
0.006002 0.062945
0.006002 0.061758
0.006002 0.061164
0.006002 0.06057
0.006002 0.059976
0.006002 0.059382
0.006002 0.058789
0.006002 0.058195
0.006002 0.057601
0.006002 0.057007
0.004802 0.057007
0.004802 0.056413
0.004802 0.055819
0.003601 0.055819
0.003601 0.055226
0.003601 0.054632
0.002401 0.054632
0.002401 0.054038
0.002401 0.053444
0.002401 0.05285
0.002401 0.052257
0.002401 0.051663
0.002401 0.051069
0.002401 0.050475
0.002401 0.049881
0.0012 0.049881
0.0012 0.049287
0.0012 0.048694
0.0012 0.0481
0.0012 0.047506
0.0012 0.046912
0.0012 0.046318
0.0012 0.045724
0.0012 0.045131
0.0012 0.044537
0.0012 0.043943
0.0012 0.043349
0.0012 0.042755
0.0012 0.042162
0.0012 0.041568
0.0012 0.040974
0.0012 0.04038
0.0012 0.039786
0.0012 0.039192
0.0012 0.038599
0.0012 0.038005
0.0012 0.037411
0.0012 0.036817
0.0012 0.036223
0.0012 0.035629
0.0012 0.035036
0.0012 0.034442
0.0012 0.033848
0.0012 0.033254
0.0012 0.03266
0.0012 0.032067
0.0012 0.031473
0.0012 0.030879
0.0012 0.030285
0.0012 0.029691
0.0012 0.029097
0.0012 0.028504
0.0012 0.02791
0.0012 0.027316
0.0012 0.026722
0.0012 0.026128
0.0012 0.025534
0.0012 0.024941
0.0012 0.024347
0.0012 0.023753
0.0012 0.023159
0.0012 0.022565
0.0012 0.021971
0.0012 0.021378
0.0012 0.020784
0.0012 0.02019
0.0012 0.019596
0.0012 0.019002
0.0012 0.018409
0.0012 0.017815
0.0012 0.017221
0.0012 0.016627
0.0012 0.016033
0.0012 0.015439
0.0012 0.014846
0.0012 0.014252
0.0012 0.013658
0.0012 0.013064
0.0012 0.01247
0.0012 0.011876
0.0012 0.011283
0 0.011283
0 0.010689
0 0.010095
0 0.009501
0 0.008907
0 0.008314
0 0.00772
0 0.007126
0 0.006532
0 0.005938
0 0.005344
0 0.004751
0 0.004157
0 0.003563
0 0.002969
0 0.002375
0 0.001781
0 0.001188
0 0.000594
0 0
